11_03_07_11,11,03,07,11
03_02_02_07,03,02,02,07
03_02_04_16,03,02,04,16
05_02_08_11,05,02,08,11
05_03_05_04,05,03,05,04
07_02_02_16,07,02,02,16
06_01_03_16,06,01,03,16
10_01_05_06,10,01,05,06
05_02_01_07,05,02,01,07
12_02_06_09,12,02,06,09
04_02_03_06,04,02,03,06
01_03_06_14,01,03,06,14
03_03_01_09,03,03,01,09
02_03_08_03,02,03,08,03
06_01_05_19,06,01,05,19
10_02_01_18,10,02,01,18
06_02_03_03,06,02,03,03
12_02_08_06,12,02,08,06
06_01_06_06,06,01,06,06
03_03_04_02,03,03,04,02
06_01_06_09,06,01,06,09
07_02_03_13,07,02,03,13
08_02_02_02,08,02,02,02
06_01_08_16,06,01,08,16
11_03_02_03,11,03,02,03
06_01_01_03,06,01,01,03
09_02_04_09,09,02,04,09
10_02_04_14,10,02,04,14
07_01_07_07,07,01,07,07
06_02_04_08,06,02,04,08
07_03_06_17,07,03,06,17
03_01_05_04,03,01,05,04
04_03_05_16,04,03,05,16
09_02_05_09,09,02,05,09
09_01_03_17,09,01,03,17
04_01_01_18,04,01,01,18
08_03_07_04,08,03,07,04
11_01_04_17,11,01,04,17
12_02_01_06,12,02,01,06
12_02_04_11,12,02,04,11
09_01_05_18,09,01,05,18
11_02_05_13,11,02,05,13
06_03_05_04,06,03,05,04
12_02_04_19,12,02,04,19
01_02_01_07,01,02,01,07
09_02_01_03,09,02,01,03
02_02_05_17,02,02,05,17
04_03_02_12,04,03,02,12
04_02_01_06,04,02,01,06
11_03_01_16,11,03,01,16
04_02_02_01,04,02,02,01
11_02_05_08,11,02,05,08
04_03_06_18,04,03,06,18
06_02_06_17,06,02,06,17
04_02_03_09,04,02,03,09
06_02_02_19,06,02,02,19
07_02_04_08,07,02,04,08
12_02_04_09,12,02,04,09
05_02_04_07,05,02,04,07
04_03_05_17,04,03,05,17
08_03_06_04,08,03,06,04
06_02_07_16,06,02,07,16
10_02_04_12,10,02,04,12
08_01_04_17,08,01,04,17
10_01_02_09,10,01,02,09
08_01_04_01,08,01,04,01
02_02_02_18,02,02,02,18
12_01_01_14,12,01,01,14
10_01_08_04,10,01,08,04
12_03_01_11,12,03,01,11
03_01_06_11,03,01,06,11
03_02_01_12,03,02,01,12
03_02_08_12,03,02,08,12
10_01_07_07,10,01,07,07
08_01_04_14,08,01,04,14
07_02_04_12,07,02,04,12
05_03_01_06,05,03,01,06
02_02_08_18,02,02,08,18
12_03_06_04,12,03,06,04
11_02_01_03,11,02,01,03
06_02_04_07,06,02,04,07
09_03_05_02,09,03,05,02
01_03_05_13,01,03,05,13
10_02_05_03,10,02,05,03
09_03_08_03,09,03,08,03
05_01_07_08,05,01,07,08
10_02_08_11,10,02,08,11
11_02_01_04,11,02,01,04
01_02_03_01,01,02,03,01
08_01_01_12,08,01,01,12
09_02_02_04,09,02,02,04
08_02_08_19,08,02,08,19
03_02_03_18,03,02,03,18
07_02_07_01,07,02,07,01
09_03_02_12,09,03,02,12
10_02_08_17,10,02,08,17
08_02_04_09,08,02,04,09
07_03_06_13,07,03,06,13
08_01_03_08,08,01,03,08
06_02_02_13,06,02,02,13
06_02_04_14,06,02,04,14
04_02_04_08,04,02,04,08
02_02_07_13,02,02,07,13
11_03_01_08,11,03,01,08
09_03_06_04,09,03,06,04
05_02_01_06,05,02,01,06
08_03_06_11,08,03,06,11
04_02_04_11,04,02,04,11
01_01_01_02,01,01,01,02
11_01_08_02,11,01,08,02
02_02_07_09,02,02,07,09
02_03_08_19,02,03,08,19
07_01_03_08,07,01,03,08
03_03_08_07,03,03,08,07
09_02_06_16,09,02,06,16
02_03_06_19,02,03,06,19
07_03_04_08,07,03,04,08
02_03_03_04,02,03,03,04
02_03_05_03,02,03,05,03
04_01_02_14,04,01,02,14
03_01_02_04,03,01,02,04
07_02_05_19,07,02,05,19
06_02_08_13,06,02,08,13
04_03_01_06,04,03,01,06
03_02_04_01,03,02,04,01
03_01_05_14,03,01,05,14
01_01_05_09,01,01,05,09
01_02_04_16,01,02,04,16
08_02_03_16,08,02,03,16
01_02_01_14,01,02,01,14
08_02_05_04,08,02,05,04
11_02_06_07,11,02,06,07
06_01_07_16,06,01,07,16
03_02_06_18,03,02,06,18
09_02_04_04,09,02,04,04
09_02_06_09,09,02,06,09
04_02_02_04,04,02,02,04
02_01_06_17,02,01,06,17
06_02_06_04,06,02,06,04
07_03_03_01,07,03,03,01
12_01_06_13,12,01,06,13
09_03_01_12,09,03,01,12
12_01_07_14,12,01,07,14
01_02_03_13,01,02,03,13
09_02_03_01,09,02,03,01
10_01_03_19,10,01,03,19
11_02_01_09,11,02,01,09
11_01_07_08,11,01,07,08
06_03_03_12,06,03,03,12
07_01_03_01,07,01,03,01
05_01_08_18,05,01,08,18
11_01_03_06,11,01,03,06
08_01_03_19,08,01,03,19
08_01_01_03,08,01,01,03
05_02_02_18,05,02,02,18
09_01_08_14,09,01,08,14
05_03_06_02,05,03,06,02
10_03_06_14,10,03,06,14
09_01_05_16,09,01,05,16
04_03_05_03,04,03,05,03
11_01_01_09,11,01,01,09
02_01_05_19,02,01,05,19
09_01_08_18,09,01,08,18
02_01_01_09,02,01,01,09
03_01_07_06,03,01,07,06
03_03_07_06,03,03,07,06
10_02_05_16,10,02,05,16
08_01_06_06,08,01,06,06
08_03_03_17,08,03,03,17
03_03_02_06,03,03,02,06
01_03_04_02,01,03,04,02
03_03_08_03,03,03,08,03
10_01_07_06,10,01,07,06
08_01_02_06,08,01,02,06
05_03_02_02,05,03,02,02
01_02_03_16,01,02,03,16
10_02_07_19,10,02,07,19
02_01_07_06,02,01,07,06
09_02_01_09,09,02,01,09
11_03_06_13,11,03,06,13
04_01_05_04,04,01,05,04
05_01_03_17,05,01,03,17
01_02_02_09,01,02,02,09
02_01_02_01,02,01,02,01
07_03_02_16,07,03,02,16
07_03_02_04,07,03,02,04
03_03_04_12,03,03,04,12
06_01_02_08,06,01,02,08
02_02_05_19,02,02,05,19
02_01_04_07,02,01,04,07
05_01_05_14,05,01,05,14
01_01_07_18,01,01,07,18
03_02_06_12,03,02,06,12
10_01_08_09,10,01,08,09
12_02_03_13,12,02,03,13
11_02_02_04,11,02,02,04
11_02_03_16,11,02,03,16
12_01_01_19,12,01,01,19
08_02_03_03,08,02,03,03
02_01_04_06,02,01,04,06
09_03_01_06,09,03,01,06
03_03_06_03,03,03,06,03
07_01_08_02,07,01,08,02
07_03_07_14,07,03,07,14
08_02_01_09,08,02,01,09
05_02_07_12,05,02,07,12
07_01_02_06,07,01,02,06
08_01_03_09,08,01,03,09
03_01_05_11,03,01,05,11
06_01_03_18,06,01,03,18
02_01_08_06,02,01,08,06
05_03_03_01,05,03,03,01
08_02_01_04,08,02,01,04
06_02_07_14,06,02,07,14
12_02_06_01,12,02,06,01
10_03_03_11,10,03,03,11
12_03_06_09,12,03,06,09
05_02_06_03,05,02,06,03
06_02_01_04,06,02,01,04
08_02_06_03,08,02,06,03
06_03_02_19,06,03,02,19
02_01_03_01,02,01,03,01
05_01_04_09,05,01,04,09
11_02_06_19,11,02,06,19
10_02_02_11,10,02,02,11
02_02_01_16,02,02,01,16
03_01_02_19,03,01,02,19
12_01_08_11,12,01,08,11
05_02_04_01,05,02,04,01
04_01_02_04,04,01,02,04
09_01_05_09,09,01,05,09
05_02_05_09,05,02,05,09
02_01_07_02,02,01,07,02
09_01_03_13,09,01,03,13
03_01_07_09,03,01,07,09
12_03_01_13,12,03,01,13
03_02_07_03,03,02,07,03
12_02_02_18,12,02,02,18
09_02_05_04,09,02,05,04
03_01_06_02,03,01,06,02
03_03_04_07,03,03,04,07
08_03_05_12,08,03,05,12
07_01_06_02,07,01,06,02
12_02_06_04,12,02,06,04
12_01_04_14,12,01,04,14
04_03_04_19,04,03,04,19
05_02_04_04,05,02,04,04
03_01_04_16,03,01,04,16
06_01_04_04,06,01,04,04
06_02_01_11,06,02,01,11
04_01_05_03,04,01,05,03
05_03_04_11,05,03,04,11
02_02_01_18,02,02,01,18
03_02_04_03,03,02,04,03
02_03_05_18,02,03,05,18
07_02_06_13,07,02,06,13
07_01_08_17,07,01,08,17
06_01_04_08,06,01,04,08
01_03_08_11,01,03,08,11
02_02_08_16,02,02,08,16
05_01_08_01,05,01,08,01
02_03_06_03,02,03,06,03
05_01_02_07,05,01,02,07
06_01_02_19,06,01,02,19
04_03_01_08,04,03,01,08
04_03_06_16,04,03,06,16
07_01_06_09,07,01,06,09
04_01_07_17,04,01,07,17
04_01_08_11,04,01,08,11
11_01_08_14,11,01,08,14
12_02_01_16,12,02,01,16
12_03_02_08,12,03,02,08
01_03_06_19,01,03,06,19
03_03_04_16,03,03,04,16
09_02_02_08,09,02,02,08
08_01_02_13,08,01,02,13
12_03_03_03,12,03,03,03
05_01_03_03,05,01,03,03
02_03_01_18,02,03,01,18
09_01_02_06,09,01,02,06
04_02_08_09,04,02,08,09
01_03_04_03,01,03,04,03
09_02_01_17,09,02,01,17
08_02_08_16,08,02,08,16
06_03_05_02,06,03,05,02
01_02_05_11,01,02,05,11
07_03_04_18,07,03,04,18
02_02_07_04,02,02,07,04
04_01_04_01,04,01,04,01
05_03_01_08,05,03,01,08
03_01_03_02,03,01,03,02
04_01_08_08,04,01,08,08
08_02_07_04,08,02,07,04
02_03_07_03,02,03,07,03
12_01_05_07,12,01,05,07
03_03_05_07,03,03,05,07
04_03_01_03,04,03,01,03
06_02_06_11,06,02,06,11
04_03_08_16,04,03,08,16
10_02_03_06,10,02,03,06
07_02_03_19,07,02,03,19
08_02_06_04,08,02,06,04
11_02_07_17,11,02,07,17
06_01_07_01,06,01,07,01
09_03_06_11,09,03,06,11
07_02_01_12,07,02,01,12
06_01_03_08,06,01,03,08
11_01_01_04,11,01,01,04
03_02_05_11,03,02,05,11
01_02_04_12,01,02,04,12
06_02_03_07,06,02,03,07
03_01_05_02,03,01,05,02
10_01_02_03,10,01,02,03
03_02_07_02,03,02,07,02
05_03_02_08,05,03,02,08
02_02_07_02,02,02,07,02
02_02_07_06,02,02,07,06
09_03_03_16,09,03,03,16
12_01_08_09,12,01,08,09
09_02_04_12,09,02,04,12
07_02_07_09,07,02,07,09
11_01_02_03,11,01,02,03
02_02_08_19,02,02,08,19
03_02_06_19,03,02,06,19
11_01_04_04,11,01,04,04
08_02_05_07,08,02,05,07
07_02_01_06,07,02,01,06
04_03_01_07,04,03,01,07
04_02_02_11,04,02,02,11
05_02_05_16,05,02,05,16
11_01_06_17,11,01,06,17
10_01_07_18,10,01,07,18
12_02_06_02,12,02,06,02
04_02_01_16,04,02,01,16
02_02_07_12,02,02,07,12
04_02_01_14,04,02,01,14
12_01_04_16,12,01,04,16
10_01_04_11,10,01,04,11
04_01_03_08,04,01,03,08
11_02_02_11,11,02,02,11
09_01_01_06,09,01,01,06
09_01_08_07,09,01,08,07
06_01_06_14,06,01,06,14
07_02_01_09,07,02,01,09
07_01_02_08,07,01,02,08
05_01_07_09,05,01,07,09
01_02_07_03,01,02,07,03
01_02_08_14,01,02,08,14
01_02_07_19,01,02,07,19
02_02_08_06,02,02,08,06
01_02_06_17,01,02,06,17
01_01_05_01,01,01,05,01
11_01_03_01,11,01,03,01
03_01_03_04,03,01,03,04
03_01_02_08,03,01,02,08
05_03_02_04,05,03,02,04
12_03_03_08,12,03,03,08
02_03_08_11,02,03,08,11
12_02_07_06,12,02,07,06
04_02_01_09,04,02,01,09
04_01_06_17,04,01,06,17
12_01_07_16,12,01,07,16
02_02_06_01,02,02,06,01
02_01_02_06,02,01,02,06
05_03_03_18,05,03,03,18
02_03_01_08,02,03,01,08
10_01_08_02,10,01,08,02
06_02_05_04,06,02,05,04
03_02_04_07,03,02,04,07
11_02_08_11,11,02,08,11
09_01_07_06,09,01,07,06
12_01_02_19,12,01,02,19
03_01_06_01,03,01,06,01
12_01_07_03,12,01,07,03
09_02_08_03,09,02,08,03
10_02_07_13,10,02,07,13
03_02_06_11,03,02,06,11
03_03_03_18,03,03,03,18
10_01_07_12,10,01,07,12
03_02_01_03,03,02,01,03
10_02_05_04,10,02,05,04
03_02_04_13,03,02,04,13
02_03_04_19,02,03,04,19
03_03_04_18,03,03,04,18
02_01_03_09,02,01,03,09
01_02_03_08,01,02,03,08
07_02_06_04,07,02,06,04
12_02_07_19,12,02,07,19
06_02_04_09,06,02,04,09
08_02_01_07,08,02,01,07
08_03_06_07,08,03,06,07
11_01_04_08,11,01,04,08
12_02_04_02,12,02,04,02
12_01_05_16,12,01,05,16
07_01_01_04,07,01,01,04
12_03_08_03,12,03,08,03
12_02_06_19,12,02,06,19
05_02_02_06,05,02,02,06
02_01_04_17,02,01,04,17
07_03_06_06,07,03,06,06
07_03_01_02,07,03,01,02
06_01_04_02,06,01,04,02
07_01_05_03,07,01,05,03
03_03_07_02,03,03,07,02
02_03_02_14,02,03,02,14
08_01_08_02,08,01,08,02
09_03_08_09,09,03,08,09
09_01_04_12,09,01,04,12
03_01_06_04,03,01,06,04
03_03_08_04,03,03,08,04
12_02_08_08,12,02,08,08
09_02_03_14,09,02,03,14
11_02_06_17,11,02,06,17
04_01_06_18,04,01,06,18
12_02_05_03,12,02,05,03
06_03_03_13,06,03,03,13
10_02_03_16,10,02,03,16
05_02_08_06,05,02,08,06
09_03_02_17,09,03,02,17
08_03_06_16,08,03,06,16
09_03_02_06,09,03,02,06
03_01_02_11,03,01,02,11
11_03_05_08,11,03,05,08
03_03_06_13,03,03,06,13
09_02_04_01,09,02,04,01
07_01_04_09,07,01,04,09
07_03_07_13,07,03,07,13
08_02_04_08,08,02,04,08
09_02_03_06,09,02,03,06
10_02_08_03,10,02,08,03
09_01_08_01,09,01,08,01
05_03_03_17,05,03,03,17
03_02_05_13,03,02,05,13
07_03_04_13,07,03,04,13
08_02_02_12,08,02,02,12
06_01_03_01,06,01,03,01
10_01_04_03,10,01,04,03
07_02_02_06,07,02,02,06
04_02_06_18,04,02,06,18
07_03_02_14,07,03,02,14
05_01_06_06,05,01,06,06
07_02_05_04,07,02,05,04
07_03_03_06,07,03,03,06
02_01_02_12,02,01,02,12
03_02_06_17,03,02,06,17
12_02_07_16,12,02,07,16
07_01_08_08,07,01,08,08
11_02_06_02,11,02,06,02
06_02_05_11,06,02,05,11
03_02_08_09,03,02,08,09
06_03_04_01,06,03,04,01
09_01_07_19,09,01,07,19
03_02_03_12,03,02,03,12
11_02_04_19,11,02,04,19
04_01_06_12,04,01,06,12
03_01_08_03,03,01,08,03
06_01_01_18,06,01,01,18
09_02_07_06,09,02,07,06
05_03_03_04,05,03,03,04
11_03_03_14,11,03,03,14
01_03_05_04,01,03,05,04
09_01_03_04,09,01,03,04
03_03_02_02,03,03,02,02
12_03_05_02,12,03,05,02
07_01_02_04,07,01,02,04
05_03_01_03,05,03,01,03
08_01_04_07,08,01,04,07
03_03_08_08,03,03,08,08
03_03_03_03,03,03,03,03
07_02_08_07,07,02,08,07
04_03_03_02,04,03,03,02
01_01_08_11,01,01,08,11
01_03_03_12,01,03,03,12
09_03_05_16,09,03,05,16
11_03_02_11,11,03,02,11
08_03_03_07,08,03,03,07
01_02_08_04,01,02,08,04
07_02_08_08,07,02,08,08
07_03_03_19,07,03,03,19
04_02_05_01,04,02,05,01
01_01_06_16,01,01,06,16
09_02_02_19,09,02,02,19
11_01_07_06,11,01,07,06
08_01_03_13,08,01,03,13
11_01_02_17,11,01,02,17
12_03_02_19,12,03,02,19
03_03_06_19,03,03,06,19
05_02_07_16,05,02,07,16
01_03_03_13,01,03,03,13
07_02_02_17,07,02,02,17
12_03_07_02,12,03,07,02
01_01_01_07,01,01,01,07
07_02_03_14,07,02,03,14
02_01_06_08,02,01,06,08
12_03_04_08,12,03,04,08
02_03_04_12,02,03,04,12
09_03_03_06,09,03,03,06
09_03_06_09,09,03,06,09
07_01_07_19,07,01,07,19
05_03_06_17,05,03,06,17
03_02_05_12,03,02,05,12
12_01_04_01,12,01,04,01
06_01_08_03,06,01,08,03
02_03_04_06,02,03,04,06
10_01_08_16,10,01,08,16
03_03_02_09,03,03,02,09
09_02_08_08,09,02,08,08
08_01_05_06,08,01,05,06
10_01_04_13,10,01,04,13
04_01_08_17,04,01,08,17
10_01_07_16,10,01,07,16
06_03_05_09,06,03,05,09
05_03_03_11,05,03,03,11
05_02_03_02,05,02,03,02
09_01_02_18,09,01,02,18
07_01_07_14,07,01,07,14
10_02_03_19,10,02,03,19
12_01_03_13,12,01,03,13
09_01_07_09,09,01,07,09
01_02_04_06,01,02,04,06
08_01_08_09,08,01,08,09
07_03_06_18,07,03,06,18
07_03_03_04,07,03,03,04
10_03_06_03,10,03,06,03
07_02_07_03,07,02,07,03
04_01_02_06,04,01,02,06
11_02_04_02,11,02,04,02
01_03_01_04,01,03,01,04
06_02_01_17,06,02,01,17
10_02_08_13,10,02,08,13
08_01_06_12,08,01,06,12
01_03_05_07,01,03,05,07
04_02_01_13,04,02,01,13
05_03_01_11,05,03,01,11
11_02_02_03,11,02,02,03
12_02_05_02,12,02,05,02
01_02_07_06,01,02,07,06
09_01_05_17,09,01,05,17
11_01_01_11,11,01,01,11
02_02_03_02,02,02,03,02
08_01_05_04,08,01,05,04
10_01_03_16,10,01,03,16
11_02_04_14,11,02,04,14
07_03_07_07,07,03,07,07
01_03_02_14,01,03,02,14
02_02_08_02,02,02,08,02
10_03_06_09,10,03,06,09
03_02_06_14,03,02,06,14
08_01_02_03,08,01,02,03
07_02_02_11,07,02,02,11
04_01_01_01,04,01,01,01
09_01_01_16,09,01,01,16
05_02_05_18,05,02,05,18
04_03_01_17,04,03,01,17
11_01_01_18,11,01,01,18
02_01_08_01,02,01,08,01
09_01_01_17,09,01,01,17
06_01_05_09,06,01,05,09
05_01_08_14,05,01,08,14
07_02_05_17,07,02,05,17
10_01_03_18,10,01,03,18
11_02_02_01,11,02,02,01
04_02_03_18,04,02,03,18
01_02_04_11,01,02,04,11
12_03_01_02,12,03,01,02
01_03_04_12,01,03,04,12
06_03_02_11,06,03,02,11
12_02_01_04,12,02,01,04
12_02_03_12,12,02,03,12
11_02_05_11,11,02,05,11
02_03_04_14,02,03,04,14
10_02_03_14,10,02,03,14
11_03_05_09,11,03,05,09
11_02_04_03,11,02,04,03
08_01_04_16,08,01,04,16
04_02_05_18,04,02,05,18
12_01_01_13,12,01,01,13
08_01_02_18,08,01,02,18
06_01_03_12,06,01,03,12
09_02_08_11,09,02,08,11
01_03_01_03,01,03,01,03
03_03_05_12,03,03,05,12
10_02_06_18,10,02,06,18
02_03_06_14,02,03,06,14
04_03_06_03,04,03,06,03
03_03_05_04,03,03,05,04
07_02_01_13,07,02,01,13
04_02_06_07,04,02,06,07
12_01_03_12,12,01,03,12
09_01_06_09,09,01,06,09
02_02_06_08,02,02,06,08
06_01_07_12,06,01,07,12
02_03_02_08,02,03,02,08
01_03_04_07,01,03,04,07
07_01_05_14,07,01,05,14
06_02_01_07,06,02,01,07
01_02_07_12,01,02,07,12
12_03_03_19,12,03,03,19
09_01_02_01,09,01,02,01
10_03_02_06,10,03,02,06
01_01_06_19,01,01,06,19
11_03_08_19,11,03,08,19
07_03_05_16,07,03,05,16
02_03_03_16,02,03,03,16
11_03_01_06,11,03,01,06
12_02_06_17,12,02,06,17
07_03_05_08,07,03,05,08
12_02_07_07,12,02,07,07
09_03_01_13,09,03,01,13
04_03_04_13,04,03,04,13
03_02_08_16,03,02,08,16
08_01_06_17,08,01,06,17
11_01_02_19,11,01,02,19
06_03_05_16,06,03,05,16
07_03_07_06,07,03,07,06
02_03_02_18,02,03,02,18
07_03_07_12,07,03,07,12
06_01_01_01,06,01,01,01
01_01_05_03,01,01,05,03
02_01_05_16,02,01,05,16
08_01_05_07,08,01,05,07
02_03_05_19,02,03,05,19
05_02_08_17,05,02,08,17
04_03_08_13,04,03,08,13
03_03_02_19,03,03,02,19
07_03_04_02,07,03,04,02
04_03_02_19,04,03,02,19
04_03_05_04,04,03,05,04
08_02_07_08,08,02,07,08
06_03_02_09,06,03,02,09
11_02_08_19,11,02,08,19
08_01_04_03,08,01,04,03
06_03_03_08,06,03,03,08
12_01_05_12,12,01,05,12
01_01_05_12,01,01,05,12
02_02_03_19,02,02,03,19
11_02_02_02,11,02,02,02
11_01_01_14,11,01,01,14
06_02_03_12,06,02,03,12
11_01_03_14,11,01,03,14
01_01_06_01,01,01,06,01
01_02_08_17,01,02,08,17
10_01_03_17,10,01,03,17
01_03_03_09,01,03,03,09
12_02_01_01,12,02,01,01
12_02_02_09,12,02,02,09
07_02_04_06,07,02,04,06
07_03_04_14,07,03,04,14
05_03_03_09,05,03,03,09
01_02_07_07,01,02,07,07
03_02_08_03,03,02,08,03
08_01_01_13,08,01,01,13
08_02_03_14,08,02,03,14
05_03_03_06,05,03,03,06
08_02_08_04,08,02,08,04
08_02_08_06,08,02,08,06
05_01_05_18,05,01,05,18
11_02_07_06,11,02,07,06
09_02_08_14,09,02,08,14
10_02_01_16,10,02,01,16
02_03_05_13,02,03,05,13
01_02_06_01,01,02,06,01
01_03_07_02,01,03,07,02
11_03_08_02,11,03,08,02
08_02_06_08,08,02,06,08
09_01_04_02,09,01,04,02
12_01_04_19,12,01,04,19
11_02_04_11,11,02,04,11
06_01_04_16,06,01,04,16
02_01_07_14,02,01,07,14
10_01_08_03,10,01,08,03
11_01_08_16,11,01,08,16
08_02_08_18,08,02,08,18
01_01_07_08,01,01,07,08
10_01_03_11,10,01,03,11
01_03_07_03,01,03,07,03
02_02_08_08,02,02,08,08
05_03_03_07,05,03,03,07
04_01_04_13,04,01,04,13
07_01_01_13,07,01,01,13
02_02_04_16,02,02,04,16
01_02_08_07,01,02,08,07
11_01_01_02,11,01,01,02
01_02_08_13,01,02,08,13
07_02_08_02,07,02,08,02
02_01_08_14,02,01,08,14
01_03_04_14,01,03,04,14
03_03_06_17,03,03,06,17
04_02_04_04,04,02,04,04
11_03_07_08,11,03,07,08
06_01_07_14,06,01,07,14
05_02_05_02,05,02,05,02
07_03_06_01,07,03,06,01
09_02_03_19,09,02,03,19
07_02_02_08,07,02,02,08
02_02_02_07,02,02,02,07
10_03_02_04,10,03,02,04
10_01_01_02,10,01,01,02
05_01_08_03,05,01,08,03
03_03_05_11,03,03,05,11
10_01_05_07,10,01,05,07
11_01_07_17,11,01,07,17
08_02_08_13,08,02,08,13
06_01_08_13,06,01,08,13
01_01_03_08,01,01,03,08
07_03_02_09,07,03,02,09
09_03_03_12,09,03,03,12
10_01_06_18,10,01,06,18
05_03_05_12,05,03,05,12
05_03_07_09,05,03,07,09
05_02_05_04,05,02,05,04
10_02_08_12,10,02,08,12
05_03_05_03,05,03,05,03
02_03_02_09,02,03,02,09
11_02_03_03,11,02,03,03
08_01_07_01,08,01,07,01
09_02_06_02,09,02,06,02
12_02_05_13,12,02,05,13
03_02_06_08,03,02,06,08
03_02_01_11,03,02,01,11
10_01_06_14,10,01,06,14
04_01_01_19,04,01,01,19
04_01_04_11,04,01,04,11
03_01_07_16,03,01,07,16
09_01_04_07,09,01,04,07
11_03_07_14,11,03,07,14
02_02_03_16,02,02,03,16
08_02_04_12,08,02,04,12
09_03_06_03,09,03,06,03
06_02_02_09,06,02,02,09
03_01_03_08,03,01,03,08
04_02_05_14,04,02,05,14
01_01_08_06,01,01,08,06
01_02_04_08,01,02,04,08
07_03_05_11,07,03,05,11
11_03_01_02,11,03,01,02
04_02_04_07,04,02,04,07
07_02_03_11,07,02,03,11
01_01_03_06,01,01,03,06
11_02_08_14,11,02,08,14
04_01_01_14,04,01,01,14
06_02_07_03,06,02,07,03
02_01_02_03,02,01,02,03
05_03_04_08,05,03,04,08
09_01_04_09,09,01,04,09
08_03_02_16,08,03,02,16
06_02_03_13,06,02,03,13
01_02_06_02,01,02,06,02
06_03_03_17,06,03,03,17
12_01_07_18,12,01,07,18
12_03_06_06,12,03,06,06
04_01_01_06,04,01,01,06
05_03_06_09,05,03,06,09
02_01_03_07,02,01,03,07
05_02_07_14,05,02,07,14
04_01_03_07,04,01,03,07
02_01_01_12,02,01,01,12
03_01_05_09,03,01,05,09
04_03_02_04,04,03,02,04
06_01_06_03,06,01,06,03
06_01_04_14,06,01,04,14
04_03_01_16,04,03,01,16
11_03_04_12,11,03,04,12
05_01_06_09,05,01,06,09
09_01_01_13,09,01,01,13
02_01_04_14,02,01,04,14
07_01_02_11,07,01,02,11
02_03_02_17,02,03,02,17
02_02_04_13,02,02,04,13
09_02_04_16,09,02,04,16
07_02_04_02,07,02,04,02
03_01_07_17,03,01,07,17
07_03_01_06,07,03,01,06
09_01_07_04,09,01,07,04
07_01_02_01,07,01,02,01
11_02_05_09,11,02,05,09
10_02_03_08,10,02,03,08
10_03_02_18,10,03,02,18
06_01_01_17,06,01,01,17
06_02_02_01,06,02,02,01
01_03_06_17,01,03,06,17
08_03_06_17,08,03,06,17
10_01_04_06,10,01,04,06
02_02_01_12,02,02,01,12
06_02_03_11,06,02,03,11
06_03_01_04,06,03,01,04
05_03_06_18,05,03,06,18
12_01_04_11,12,01,04,11
05_01_05_01,05,01,05,01
02_02_05_14,02,02,05,14
05_02_04_03,05,02,04,03
12_01_05_04,12,01,05,04
05_03_04_03,05,03,04,03
07_03_03_13,07,03,03,13
01_02_06_06,01,02,06,06
09_02_07_16,09,02,07,16
05_02_06_02,05,02,06,02
01_02_01_09,01,02,01,09
09_01_03_18,09,01,03,18
07_02_05_07,07,02,05,07
12_01_08_12,12,01,08,12
06_03_06_03,06,03,06,03
09_02_01_11,09,02,01,11
10_02_05_01,10,02,05,01
11_02_06_08,11,02,06,08
03_01_04_04,03,01,04,04
12_03_03_04,12,03,03,04
11_02_05_02,11,02,05,02
10_01_05_12,10,01,05,12
01_01_08_13,01,01,08,13
08_01_05_03,08,01,05,03
06_02_06_14,06,02,06,14
11_01_06_04,11,01,06,04
07_01_05_17,07,01,05,17
11_02_02_08,11,02,02,08
02_03_08_17,02,03,08,17
11_03_01_01,11,03,01,01
07_02_08_11,07,02,08,11
02_03_07_19,02,03,07,19
08_01_07_04,08,01,07,04
07_02_05_13,07,02,05,13
12_01_05_02,12,01,05,02
08_01_06_07,08,01,06,07
05_01_05_03,05,01,05,03
10_01_08_14,10,01,08,14
01_02_06_13,01,02,06,13
06_02_06_19,06,02,06,19
10_02_04_07,10,02,04,07
10_01_08_07,10,01,08,07
07_03_05_01,07,03,05,01
02_03_08_09,02,03,08,09
03_01_02_14,03,01,02,14
03_01_01_19,03,01,01,19
05_03_06_07,05,03,06,07
12_01_02_08,12,01,02,08
09_01_02_02,09,01,02,02
12_03_07_13,12,03,07,13
10_01_07_01,10,01,07,01
03_02_07_17,03,02,07,17
10_02_05_02,10,02,05,02
04_01_04_09,04,01,04,09
05_02_02_19,05,02,02,19
04_03_03_12,04,03,03,12
12_02_04_03,12,02,04,03
09_03_01_04,09,03,01,04
01_03_03_19,01,03,03,19
02_01_02_04,02,01,02,04
07_03_05_09,07,03,05,09
07_02_07_06,07,02,07,06
12_03_08_07,12,03,08,07
02_03_07_16,02,03,07,16
02_02_04_12,02,02,04,12
08_02_01_12,08,02,01,12
12_01_07_13,12,01,07,13
03_02_06_04,03,02,06,04
09_02_08_09,09,02,08,09
02_03_05_17,02,03,05,17
08_03_03_13,08,03,03,13
12_03_02_12,12,03,02,12
06_03_02_13,06,03,02,13
11_02_08_02,11,02,08,02
09_01_04_19,09,01,04,19
04_02_03_08,04,02,03,08
02_02_03_09,02,02,03,09
07_01_01_01,07,01,01,01
11_02_01_02,11,02,01,02
09_03_02_09,09,03,02,09
05_03_04_18,05,03,04,18
08_02_08_17,08,02,08,17
11_02_02_16,11,02,02,16
08_01_03_03,08,01,03,03
09_01_08_16,09,01,08,16
03_03_04_14,03,03,04,14
03_01_01_17,03,01,01,17
11_03_03_18,11,03,03,18
01_01_01_08,01,01,01,08
12_03_07_18,12,03,07,18
07_01_01_02,07,01,01,02
10_02_02_19,10,02,02,19
08_01_06_01,08,01,06,01
07_03_08_18,07,03,08,18
09_01_03_16,09,01,03,16
11_03_07_02,11,03,07,02
03_03_05_09,03,03,05,09
08_02_05_03,08,02,05,03
05_02_08_09,05,02,08,09
06_02_02_08,06,02,02,08
07_03_08_04,07,03,08,04
05_02_03_03,05,02,03,03
11_03_02_18,11,03,02,18
05_01_03_07,05,01,03,07
10_01_03_04,10,01,03,04
07_02_04_19,07,02,04,19
04_03_02_02,04,03,02,02
03_02_08_08,03,02,08,08
08_02_04_16,08,02,04,16
02_02_04_04,02,02,04,04
04_03_05_14,04,03,05,14
08_02_06_19,08,02,06,19
04_02_02_08,04,02,02,08
09_01_07_03,09,01,07,03
06_02_08_02,06,02,08,02
06_02_06_09,06,02,06,09
12_01_01_04,12,01,01,04
01_02_01_19,01,02,01,19
11_01_03_11,11,01,03,11
03_02_04_09,03,02,04,09
05_01_07_11,05,01,07,11
08_01_02_19,08,01,02,19
09_02_07_11,09,02,07,11
07_02_02_09,07,02,02,09
11_02_03_07,11,02,03,07
05_02_04_12,05,02,04,12
09_03_05_13,09,03,05,13
01_02_08_02,01,02,08,02
01_01_08_01,01,01,08,01
10_02_07_02,10,02,07,02
11_01_02_16,11,01,02,16
06_01_02_16,06,01,02,16
06_03_05_12,06,03,05,12
05_02_03_12,05,02,03,12
11_01_03_12,11,01,03,12
07_01_01_12,07,01,01,12
11_02_03_12,11,02,03,12
06_01_01_06,06,01,01,06
12_02_07_18,12,02,07,18
06_03_06_04,06,03,06,04
03_03_01_17,03,03,01,17
06_01_05_14,06,01,05,14
03_02_05_17,03,02,05,17
07_03_08_02,07,03,08,02
03_03_06_02,03,03,06,02
08_02_05_18,08,02,05,18
12_01_05_01,12,01,05,01
12_02_05_06,12,02,05,06
07_03_03_07,07,03,03,07
01_02_05_13,01,02,05,13
10_02_04_18,10,02,04,18
05_03_06_08,05,03,06,08
04_02_03_14,04,02,03,14
02_02_08_13,02,02,08,13
08_02_02_07,08,02,02,07
01_01_03_17,01,01,03,17
12_01_07_09,12,01,07,09
03_03_07_16,03,03,07,16
02_01_07_04,02,01,07,04
02_02_05_04,02,02,05,04
10_02_02_12,10,02,02,12
12_01_02_17,12,01,02,17
06_02_05_12,06,02,05,12
01_01_02_19,01,01,02,19
05_01_04_17,05,01,04,17
12_01_02_04,12,01,02,04
09_02_05_07,09,02,05,07
02_03_03_19,02,03,03,19
11_02_05_07,11,02,05,07
07_02_06_08,07,02,06,08
03_01_03_03,03,01,03,03
08_02_06_14,08,02,06,14
01_01_07_13,01,01,07,13
02_03_01_19,02,03,01,19
05_02_01_08,05,02,01,08
03_03_01_11,03,03,01,11
06_01_08_06,06,01,08,06
10_01_06_09,10,01,06,09
03_01_07_14,03,01,07,14
07_02_08_14,07,02,08,14
04_01_08_12,04,01,08,12
04_03_01_13,04,03,01,13
11_01_05_14,11,01,05,14
11_03_01_13,11,03,01,13
03_03_07_09,03,03,07,09
09_02_03_18,09,02,03,18
05_01_03_09,05,01,03,09
12_03_06_07,12,03,06,07
05_03_06_01,05,03,06,01
09_02_05_12,09,02,05,12
05_03_06_14,05,03,06,14
12_02_04_17,12,02,04,17
07_03_05_13,07,03,05,13
08_02_03_13,08,02,03,13
03_02_03_03,03,02,03,03
03_01_02_13,03,01,02,13
10_01_04_07,10,01,04,07
09_02_08_02,09,02,08,02
06_01_05_07,06,01,05,07
12_01_01_07,12,01,01,07
08_01_08_11,08,01,08,11
10_01_03_08,10,01,03,08
07_01_08_18,07,01,08,18
03_02_06_16,03,02,06,16
11_01_04_09,11,01,04,09
11_02_05_03,11,02,05,03
03_03_02_13,03,03,02,13
05_01_02_02,05,01,02,02
03_02_03_11,03,02,03,11
12_01_05_08,12,01,05,08
02_02_04_17,02,02,04,17
10_02_04_11,10,02,04,11
10_02_03_11,10,02,03,11
02_02_04_06,02,02,04,06
01_03_08_02,01,03,08,02
12_01_01_12,12,01,01,12
11_03_02_08,11,03,02,08
02_01_05_09,02,01,05,09
11_03_04_08,11,03,04,08
10_01_02_17,10,01,02,17
06_03_01_03,06,03,01,03
01_01_08_18,01,01,08,18
09_01_08_02,09,01,08,02
01_03_07_11,01,03,07,11
05_03_03_14,05,03,03,14
01_03_02_08,01,03,02,08
11_03_08_09,11,03,08,09
01_03_04_19,01,03,04,19
04_01_01_07,04,01,01,07
04_03_02_16,04,03,02,16
01_01_02_06,01,01,02,06
05_02_07_06,05,02,07,06
10_01_04_17,10,01,04,17
03_01_05_18,03,01,05,18
04_01_06_19,04,01,06,19
10_02_04_03,10,02,04,03
11_03_02_13,11,03,02,13
06_02_08_08,06,02,08,08
04_01_04_07,04,01,04,07
11_03_07_17,11,03,07,17
09_03_06_13,09,03,06,13
04_03_08_07,04,03,08,07
05_01_03_02,05,01,03,02
02_03_06_08,02,03,06,08
07_02_05_03,07,02,05,03
10_01_05_02,10,01,05,02
10_01_01_04,10,01,01,04
03_01_08_01,03,01,08,01
07_03_08_06,07,03,08,06
08_02_01_14,08,02,01,14
12_01_02_01,12,01,02,01
11_03_08_14,11,03,08,14
08_02_02_11,08,02,02,11
06_01_02_02,06,01,02,02
01_02_06_07,01,02,06,07
01_01_05_13,01,01,05,13
08_02_02_18,08,02,02,18
11_03_03_11,11,03,03,11
02_01_02_19,02,01,02,19
03_03_02_08,03,03,02,08
03_03_08_09,03,03,08,09
04_02_03_11,04,02,03,11
05_03_02_17,05,03,02,17
01_01_07_09,01,01,07,09
05_01_06_08,05,01,06,08
07_02_02_14,07,02,02,14
11_01_01_01,11,01,01,01
04_02_08_14,04,02,08,14
01_01_07_16,01,01,07,16
05_01_04_19,05,01,04,19
06_02_06_08,06,02,06,08
12_01_03_16,12,01,03,16
01_03_05_12,01,03,05,12
09_02_05_18,09,02,05,18
12_03_01_04,12,03,01,04
04_02_05_13,04,02,05,13
02_02_08_01,02,02,08,01
10_02_05_09,10,02,05,09
10_02_05_12,10,02,05,12
04_03_05_08,04,03,05,08
05_02_05_03,05,02,05,03
07_03_06_16,07,03,06,16
04_03_06_11,04,03,06,11
12_02_04_14,12,02,04,14
02_02_01_08,02,02,01,08
10_01_04_04,10,01,04,04
07_01_05_02,07,01,05,02
07_02_07_13,07,02,07,13
07_01_04_06,07,01,04,06
01_02_01_17,01,02,01,17
10_02_04_04,10,02,04,04
02_03_08_16,02,03,08,16
03_01_07_07,03,01,07,07
04_03_06_04,04,03,06,04
02_01_06_12,02,01,06,12
02_01_05_12,02,01,05,12
05_02_06_06,05,02,06,06
01_01_03_19,01,01,03,19
09_02_01_12,09,02,01,12
04_01_07_07,04,01,07,07
10_02_08_16,10,02,08,16
01_01_01_03,01,01,01,03
02_02_06_14,02,02,06,14
05_03_02_07,05,03,02,07
03_02_05_18,03,02,05,18
04_01_05_14,04,01,05,14
02_03_03_13,02,03,03,13
07_01_04_18,07,01,04,18
07_02_07_07,07,02,07,07
06_02_04_04,06,02,04,04
12_01_06_17,12,01,06,17
05_03_01_04,05,03,01,04
04_03_05_07,04,03,05,07
11_03_06_19,11,03,06,19
07_02_06_11,07,02,06,11
02_02_01_09,02,02,01,09
02_03_05_04,02,03,05,04
08_02_07_19,08,02,07,19
09_01_04_04,09,01,04,04
05_01_05_04,05,01,05,04
09_02_05_13,09,02,05,13
08_02_04_14,08,02,04,14
01_02_02_14,01,02,02,14
09_03_02_18,09,03,02,18
05_01_03_12,05,01,03,12
12_02_06_08,12,02,06,08
01_03_08_14,01,03,08,14
08_02_07_09,08,02,07,09
01_01_07_02,01,01,07,02
07_02_04_18,07,02,04,18
05_03_04_13,05,03,04,13
04_03_01_09,04,03,01,09
06_03_03_18,06,03,03,18
06_03_03_04,06,03,03,04
10_02_05_19,10,02,05,19
01_03_05_03,01,03,05,03
04_01_01_13,04,01,01,13
10_02_06_12,10,02,06,12
02_03_05_16,02,03,05,16
12_02_04_07,12,02,04,07
07_02_07_04,07,02,07,04
04_01_06_07,04,01,06,07
07_03_04_12,07,03,04,12
01_03_03_17,01,03,03,17
07_03_08_13,07,03,08,13
11_01_07_13,11,01,07,13
10_01_04_01,10,01,04,01
02_01_01_17,02,01,01,17
07_01_06_19,07,01,06,19
01_01_01_06,01,01,01,06
06_01_03_06,06,01,03,06
02_01_01_18,02,01,01,18
07_03_01_03,07,03,01,03
12_01_05_11,12,01,05,11
12_01_05_13,12,01,05,13
11_01_01_13,11,01,01,13
06_02_06_16,06,02,06,16
08_02_08_01,08,02,08,01
04_02_02_02,04,02,02,02
05_02_01_13,05,02,01,13
06_01_05_01,06,01,05,01
12_01_04_13,12,01,04,13
07_01_07_17,07,01,07,17
09_02_02_02,09,02,02,02
01_01_01_11,01,01,01,11
05_02_01_09,05,02,01,09
03_02_06_03,03,02,06,03
09_01_04_13,09,01,04,13
05_02_05_06,05,02,05,06
08_02_07_02,08,02,07,02
02_01_06_01,02,01,06,01
11_01_07_16,11,01,07,16
01_01_04_11,01,01,04,11
09_01_05_11,09,01,05,11
07_03_04_01,07,03,04,01
11_01_07_02,11,01,07,02
07_03_08_14,07,03,08,14
12_01_03_09,12,01,03,09
07_02_02_13,07,02,02,13
05_02_01_11,05,02,01,11
05_01_02_01,05,01,02,01
02_01_04_16,02,01,04,16
10_02_01_14,10,02,01,14
02_03_06_04,02,03,06,04
12_03_08_06,12,03,08,06
04_03_02_11,04,03,02,11
08_01_02_16,08,01,02,16
04_01_02_16,04,01,02,16
05_02_02_02,05,02,02,02
01_01_02_08,01,01,02,08
12_01_06_09,12,01,06,09
09_02_06_18,09,02,06,18
04_02_02_14,04,02,02,14
08_03_03_11,08,03,03,11
04_01_07_13,04,01,07,13
03_02_07_09,03,02,07,09
09_01_03_07,09,01,03,07
04_01_02_01,04,01,02,01
03_01_02_17,03,01,02,17
05_03_05_18,05,03,05,18
10_02_01_01,10,02,01,01
04_03_04_02,04,03,04,02
10_02_02_08,10,02,02,08
09_02_07_04,09,02,07,04
12_01_07_06,12,01,07,06
08_02_01_19,08,02,01,19
11_01_05_13,11,01,05,13
07_03_07_02,07,03,07,02
04_02_06_11,04,02,06,11
09_02_02_06,09,02,02,06
11_02_01_19,11,02,01,19
11_02_08_01,11,02,08,01
04_01_06_03,04,01,06,03
02_03_08_04,02,03,08,04
09_02_01_04,09,02,01,04
01_02_02_04,01,02,02,04
12_03_01_18,12,03,01,18
12_01_05_06,12,01,05,06
12_03_07_11,12,03,07,11
03_01_01_13,03,01,01,13
05_03_02_09,05,03,02,09
09_01_01_03,09,01,01,03
01_01_08_16,01,01,08,16
05_02_05_07,05,02,05,07
10_02_03_04,10,02,03,04
02_03_03_18,02,03,03,18
09_03_05_06,09,03,05,06
11_01_04_14,11,01,04,14
11_02_02_19,11,02,02,19
05_01_08_09,05,01,08,09
02_03_07_08,02,03,07,08
08_01_04_11,08,01,04,11
07_03_01_16,07,03,01,16
12_03_06_13,12,03,06,13
11_01_01_16,11,01,01,16
03_02_05_06,03,02,05,06
03_01_03_12,03,01,03,12
05_02_05_11,05,02,05,11
10_01_04_19,10,01,04,19
04_01_04_14,04,01,04,14
09_02_08_06,09,02,08,06
09_02_06_07,09,02,06,07
05_03_07_06,05,03,07,06
10_01_01_18,10,01,01,18
09_03_01_18,09,03,01,18
12_01_08_06,12,01,08,06
11_03_08_13,11,03,08,13
03_01_02_03,03,01,02,03
10_02_02_14,10,02,02,14
09_03_05_04,09,03,05,04
04_03_03_06,04,03,03,06
04_01_08_03,04,01,08,03
09_03_04_09,09,03,04,09
06_01_04_07,06,01,04,07
09_01_02_07,09,01,02,07
07_02_07_12,07,02,07,12
02_03_04_04,02,03,04,04
05_01_08_17,05,01,08,17
11_03_03_12,11,03,03,12
09_03_01_07,09,03,01,07
11_01_03_17,11,01,03,17
10_03_02_02,10,03,02,02
01_03_01_06,01,03,01,06
12_02_07_14,12,02,07,14
05_02_03_14,05,02,03,14
06_01_08_09,06,01,08,09
10_01_02_12,10,01,02,12
03_03_03_16,03,03,03,16
04_01_06_16,04,01,06,16
06_01_01_12,06,01,01,12
07_02_06_17,07,02,06,17
01_03_07_04,01,03,07,04
03_03_03_12,03,03,03,12
12_03_03_07,12,03,03,07
01_01_03_11,01,01,03,11
05_02_01_04,05,02,01,04
07_02_04_13,07,02,04,13
11_02_08_12,11,02,08,12
03_01_03_14,03,01,03,14
08_01_03_02,08,01,03,02
04_03_07_18,04,03,07,18
01_01_04_14,01,01,04,14
08_02_08_03,08,02,08,03
04_03_07_11,04,03,07,11
07_03_08_03,07,03,08,03
07_03_07_04,07,03,07,04
07_03_05_02,07,03,05,02
04_01_06_02,04,01,06,02
11_02_03_02,11,02,03,02
07_03_07_11,07,03,07,11
07_02_01_19,07,02,01,19
10_01_07_03,10,01,07,03
02_01_05_17,02,01,05,17
05_01_06_17,05,01,06,17
02_02_05_06,02,02,05,06
05_02_08_02,05,02,08,02
05_03_01_16,05,03,01,16
03_02_08_06,03,02,08,06
10_02_08_18,10,02,08,18
09_01_03_08,09,01,03,08
07_02_08_04,07,02,08,04
01_03_03_03,01,03,03,03
07_02_04_09,07,02,04,09
09_01_06_18,09,01,06,18
11_03_04_07,11,03,04,07
02_03_07_17,02,03,07,17
01_02_07_17,01,02,07,17
05_03_02_13,05,03,02,13
02_01_01_14,02,01,01,14
02_02_02_01,02,02,02,01
05_01_04_01,05,01,04,01
04_01_03_13,04,01,03,13
11_01_08_17,11,01,08,17
05_01_04_16,05,01,04,16
11_02_03_04,11,02,03,04
09_01_02_11,09,01,02,11
04_02_03_03,04,02,03,03
12_02_06_03,12,02,06,03
12_01_08_19,12,01,08,19
04_02_05_19,04,02,05,19
07_01_06_12,07,01,06,12
03_01_04_02,03,01,04,02
08_02_08_08,08,02,08,08
12_02_03_11,12,02,03,11
12_03_06_02,12,03,06,02
03_01_05_07,03,01,05,07
08_01_02_07,08,01,02,07
11_03_07_07,11,03,07,07
01_03_02_17,01,03,02,17
10_01_02_02,10,01,02,02
04_03_04_09,04,03,04,09
05_02_06_07,05,02,06,07
12_01_04_18,12,01,04,18
07_01_07_16,07,01,07,16
06_02_05_03,06,02,05,03
06_02_01_02,06,02,01,02
09_02_05_11,09,02,05,11
07_02_08_01,07,02,08,01
03_01_02_02,03,01,02,02
07_03_08_19,07,03,08,19
01_01_02_13,01,01,02,13
09_03_07_16,09,03,07,16
11_02_01_08,11,02,01,08
01_01_07_11,01,01,07,11
12_01_05_14,12,01,05,14
01_03_02_13,01,03,02,13
10_02_03_09,10,02,03,09
07_01_03_11,07,01,03,11
02_02_06_13,02,02,06,13
09_02_01_06,09,02,01,06
11_03_05_02,11,03,05,02
03_01_03_09,03,01,03,09
06_02_07_13,06,02,07,13
07_01_08_12,07,01,08,12
09_02_02_18,09,02,02,18
03_01_08_17,03,01,08,17
05_02_03_16,05,02,03,16
07_01_02_07,07,01,02,07
03_02_07_04,03,02,07,04
06_01_06_04,06,01,06,04
10_02_07_16,10,02,07,16
02_01_04_13,02,01,04,13
02_01_04_02,02,01,04,02
10_02_05_14,10,02,05,14
11_01_08_12,11,01,08,12
08_02_01_11,08,02,01,11
05_03_01_02,05,03,01,02
01_01_04_17,01,01,04,17
08_01_05_16,08,01,05,16
12_01_03_03,12,01,03,03
06_01_02_07,06,01,02,07
12_02_08_18,12,02,08,18
07_03_02_11,07,03,02,11
04_02_03_17,04,02,03,17
07_01_01_16,07,01,01,16
08_03_03_08,08,03,03,08
05_02_02_16,05,02,02,16
09_02_06_01,09,02,06,01
03_02_07_12,03,02,07,12
01_01_06_17,01,01,06,17
12_02_01_07,12,02,01,07
10_01_02_18,10,01,02,18
04_03_05_09,04,03,05,09
05_01_05_07,05,01,05,07
05_02_02_08,05,02,02,08
06_01_07_09,06,01,07,09
06_03_03_02,06,03,03,02
06_02_07_12,06,02,07,12
04_01_03_17,04,01,03,17
04_02_03_02,04,02,03,02
01_02_03_07,01,02,03,07
02_02_02_02,02,02,02,02
01_03_03_04,01,03,03,04
03_02_08_01,03,02,08,01
09_03_04_07,09,03,04,07
02_01_07_12,02,01,07,12
09_02_03_08,09,02,03,08
04_03_05_02,04,03,05,02
08_01_05_11,08,01,05,11
01_03_06_18,01,03,06,18
09_02_04_13,09,02,04,13
05_02_02_01,05,02,02,01
04_01_04_04,04,01,04,04
07_02_02_02,07,02,02,02
03_01_04_07,03,01,04,07
01_02_08_12,01,02,08,12
02_02_06_03,02,02,06,03
09_02_05_03,09,02,05,03
02_01_08_09,02,01,08,09
11_02_04_06,11,02,04,06
08_02_04_13,08,02,04,13
05_02_04_19,05,02,04,19
05_01_05_12,05,01,05,12
05_02_01_19,05,02,01,19
12_03_03_14,12,03,03,14
08_02_05_16,08,02,05,16
07_02_02_07,07,02,02,07
01_03_01_18,01,03,01,18
04_03_05_06,04,03,05,06
09_02_04_02,09,02,04,02
04_01_03_04,04,01,03,04
12_02_03_01,12,02,03,01
03_03_01_01,03,03,01,01
05_02_06_19,05,02,06,19
08_01_08_13,08,01,08,13
02_01_02_08,02,01,02,08
06_02_04_02,06,02,04,02
09_01_02_12,09,01,02,12
02_01_04_03,02,01,04,03
04_02_05_07,04,02,05,07
03_02_02_02,03,02,02,02
10_03_06_13,10,03,06,13
12_01_04_12,12,01,04,12
07_03_05_14,07,03,05,14
01_02_02_01,01,02,02,01
08_01_07_12,08,01,07,12
09_02_02_12,09,02,02,12
11_03_07_06,11,03,07,06
03_02_01_17,03,02,01,17
08_01_08_03,08,01,08,03
08_01_02_01,08,01,02,01
09_03_03_17,09,03,03,17
06_01_08_02,06,01,08,02
04_02_02_13,04,02,02,13
11_01_02_04,11,01,02,04
12_01_07_07,12,01,07,07
02_03_02_07,02,03,02,07
07_01_07_03,07,01,07,03
09_01_01_07,09,01,01,07
01_01_04_01,01,01,04,01
05_01_05_09,05,01,05,09
11_02_05_18,11,02,05,18
12_03_06_14,12,03,06,14
02_02_08_04,02,02,08,04
06_01_05_13,06,01,05,13
11_01_06_09,11,01,06,09
09_02_07_02,09,02,07,02
02_01_02_07,02,01,02,07
08_01_07_03,08,01,07,03
03_03_02_16,03,03,02,16
06_01_06_17,06,01,06,17
01_03_05_17,01,03,05,17
01_02_02_17,01,02,02,17
05_03_05_17,05,03,05,17
04_02_08_02,04,02,08,02
02_01_06_04,02,01,06,04
07_01_08_03,07,01,08,03
05_02_06_14,05,02,06,14
02_02_01_01,02,02,01,01
01_03_04_17,01,03,04,17
11_03_07_13,11,03,07,13
07_01_07_13,07,01,07,13
07_02_02_04,07,02,02,04
12_02_03_02,12,02,03,02
02_01_06_03,02,01,06,03
12_02_03_18,12,02,03,18
04_03_08_19,04,03,08,19
05_01_07_12,05,01,07,12
02_01_06_16,02,01,06,16
07_03_02_03,07,03,02,03
04_02_04_13,04,02,04,13
01_01_03_18,01,01,03,18
03_01_06_18,03,01,06,18
07_01_04_19,07,01,04,19
11_03_08_07,11,03,08,07
11_01_02_11,11,01,02,11
12_02_08_04,12,02,08,04
06_01_07_08,06,01,07,08
03_01_06_09,03,01,06,09
11_02_04_13,11,02,04,13
06_02_04_18,06,02,04,18
03_03_07_18,03,03,07,18
07_03_06_08,07,03,06,08
12_02_08_03,12,02,08,03
11_03_05_06,11,03,05,06
10_02_01_09,10,02,01,09
02_03_03_02,02,03,03,02
04_02_06_19,04,02,06,19
01_02_06_16,01,02,06,16
07_02_03_02,07,02,03,02
07_01_08_06,07,01,08,06
12_02_01_13,12,02,01,13
04_01_05_17,04,01,05,17
02_03_06_11,02,03,06,11
02_01_01_19,02,01,01,19
03_01_08_07,03,01,08,07
06_01_05_04,06,01,05,04
04_02_06_04,04,02,06,04
04_03_03_04,04,03,03,04
06_03_06_06,06,03,06,06
06_02_05_14,06,02,05,14
08_01_03_04,08,01,03,04
09_01_04_11,09,01,04,11
10_02_06_11,10,02,06,11
10_01_05_19,10,01,05,19
12_03_02_14,12,03,02,14
05_03_01_17,05,03,01,17
09_01_05_13,09,01,05,13
12_02_02_14,12,02,02,14
06_02_08_07,06,02,08,07
07_03_06_09,07,03,06,09
01_01_02_04,01,01,02,04
07_01_03_03,07,01,03,03
10_02_04_08,10,02,04,08
03_02_02_03,03,02,02,03
11_03_08_12,11,03,08,12
11_03_01_09,11,03,01,09
07_03_04_06,07,03,04,06
01_03_04_08,01,03,04,08
08_02_02_03,08,02,02,03
10_02_01_12,10,02,01,12
12_02_07_11,12,02,07,11
12_01_02_11,12,01,02,11
02_02_07_03,02,02,07,03
12_02_01_09,12,02,01,09
04_02_07_08,04,02,07,08
07_03_08_12,07,03,08,12
11_01_08_08,11,01,08,08
05_01_07_17,05,01,07,17
08_01_02_02,08,01,02,02
04_01_02_07,04,01,02,07
09_02_05_16,09,02,05,16
09_03_03_11,09,03,03,11
03_01_05_06,03,01,05,06
03_02_06_13,03,02,06,13
04_01_08_02,04,01,08,02
12_02_01_03,12,02,01,03
04_01_04_16,04,01,04,16
01_02_07_09,01,02,07,09
12_01_06_12,12,01,06,12
03_03_02_17,03,03,02,17
08_02_03_18,08,02,03,18
12_02_05_16,12,02,05,16
04_02_06_08,04,02,06,08
10_03_05_08,10,03,05,08
02_02_07_08,02,02,07,08
09_02_02_11,09,02,02,11
11_01_02_14,11,01,02,14
09_01_06_19,09,01,06,19
10_01_07_11,10,01,07,11
09_01_02_09,09,01,02,09
09_02_07_19,09,02,07,19
06_02_05_08,06,02,05,08
03_02_04_12,03,02,04,12
03_02_07_16,03,02,07,16
07_03_05_04,07,03,05,04
04_02_08_19,04,02,08,19
01_02_08_11,01,02,08,11
12_01_02_03,12,01,02,03
04_01_07_19,04,01,07,19
03_03_04_09,03,03,04,09
10_01_06_03,10,01,06,03
05_03_01_14,05,03,01,14
09_01_02_08,09,01,02,08
09_01_07_16,09,01,07,16
08_01_03_17,08,01,03,17
11_02_08_03,11,02,08,03
02_03_02_19,02,03,02,19
09_01_06_11,09,01,06,11
01_01_05_11,01,01,05,11
11_02_07_08,11,02,07,08
05_02_03_01,05,02,03,01
10_01_05_08,10,01,05,08
04_01_08_14,04,01,08,14
12_01_02_16,12,01,02,16
05_01_06_11,05,01,06,11
03_02_05_16,03,02,05,16
11_02_03_01,11,02,03,01
02_03_04_03,02,03,04,03
05_01_02_14,05,01,02,14
08_02_07_06,08,02,07,06
03_01_01_07,03,01,01,07
11_01_07_04,11,01,07,04
12_02_04_18,12,02,04,18
11_03_02_14,11,03,02,14
08_03_05_19,08,03,05,19
06_01_03_13,06,01,03,13
08_01_01_04,08,01,01,04
07_02_01_07,07,02,01,07
08_01_05_09,08,01,05,09
07_02_05_01,07,02,05,01
11_01_05_18,11,01,05,18
04_03_03_03,04,03,03,03
09_03_05_07,09,03,05,07
04_01_01_12,04,01,01,12
11_01_05_11,11,01,05,11
04_01_02_03,04,01,02,03
08_01_02_14,08,01,02,14
05_03_04_14,05,03,04,14
03_01_07_13,03,01,07,13
09_01_05_14,09,01,05,14
05_02_05_01,05,02,05,01
05_02_03_08,05,02,03,08
06_03_04_03,06,03,04,03
02_02_01_19,02,02,01,19
02_02_07_14,02,02,07,14
12_02_05_12,12,02,05,12
03_02_04_11,03,02,04,11
11_02_06_03,11,02,06,03
11_02_05_06,11,02,05,06
12_03_03_16,12,03,03,16
07_02_04_16,07,02,04,16
10_02_06_01,10,02,06,01
04_01_02_09,04,01,02,09
07_02_01_18,07,02,01,18
07_01_04_03,07,01,04,03
01_02_07_02,01,02,07,02
03_01_07_03,03,01,07,03
11_01_08_19,11,01,08,19
04_01_06_01,04,01,06,01
06_01_03_11,06,01,03,11
04_03_07_03,04,03,07,03
11_01_06_02,11,01,06,02
04_03_07_09,04,03,07,09
12_02_08_19,12,02,08,19
12_02_03_07,12,02,03,07
12_03_05_19,12,03,05,19
11_03_08_04,11,03,08,04
01_02_05_08,01,02,05,08
06_01_08_04,06,01,08,04
10_01_08_18,10,01,08,18
12_01_04_06,12,01,04,06
11_03_05_16,11,03,05,16
03_03_06_14,03,03,06,14
04_03_01_11,04,03,01,11
10_03_05_04,10,03,05,04
07_03_04_03,07,03,04,03
10_02_01_03,10,02,01,03
07_03_04_17,07,03,04,17
09_03_02_04,09,03,02,04
06_02_03_14,06,02,03,14
07_02_02_19,07,02,02,19
10_02_02_17,10,02,02,17
11_02_07_07,11,02,07,07
04_01_07_02,04,01,07,02
01_03_04_13,01,03,04,13
06_01_05_17,06,01,05,17
07_01_01_18,07,01,01,18
04_01_06_11,04,01,06,11
04_01_07_14,04,01,07,14
03_02_02_11,03,02,02,11
07_03_07_08,07,03,07,08
07_01_03_14,07,01,03,14
07_01_08_16,07,01,08,16
07_03_01_19,07,03,01,19
11_03_05_13,11,03,05,13
10_02_03_17,10,02,03,17
02_03_08_18,02,03,08,18
03_01_03_19,03,01,03,19
12_02_02_12,12,02,02,12
11_02_01_18,11,02,01,18
11_01_08_06,11,01,08,06
05_03_02_03,05,03,02,03
12_02_06_14,12,02,06,14
07_03_03_09,07,03,03,09
08_01_02_12,08,01,02,12
04_01_06_04,04,01,06,04
02_01_04_04,02,01,04,04
04_02_08_12,04,02,08,12
06_01_01_14,06,01,01,14
02_01_05_14,02,01,05,14
05_03_04_02,05,03,04,02
05_03_03_16,05,03,03,16
11_03_04_19,11,03,04,19
01_03_06_07,01,03,06,07
06_02_08_18,06,02,08,18
07_02_07_18,07,02,07,18
11_01_03_03,11,01,03,03
06_01_02_01,06,01,02,01
11_01_02_09,11,01,02,09
03_01_05_16,03,01,05,16
04_03_03_14,04,03,03,14
03_01_08_08,03,01,08,08
11_03_06_17,11,03,06,17
04_03_07_07,04,03,07,07
07_01_03_19,07,01,03,19
04_03_01_04,04,03,01,04
08_02_03_11,08,02,03,11
09_03_03_04,09,03,03,04
01_01_04_13,01,01,04,13
06_01_06_02,06,01,06,02
12_03_02_18,12,03,02,18
06_02_04_06,06,02,04,06
05_02_03_11,05,02,03,11
01_01_01_14,01,01,01,14
08_01_06_16,08,01,06,16
12_01_07_04,12,01,07,04
04_03_03_17,04,03,03,17
04_03_04_17,04,03,04,17
11_01_01_12,11,01,01,12
02_03_04_13,02,03,04,13
04_02_08_03,04,02,08,03
02_03_02_06,02,03,02,06
11_03_04_18,11,03,04,18
12_01_06_19,12,01,06,19
01_03_01_14,01,03,01,14
04_02_06_09,04,02,06,09
10_01_01_13,10,01,01,13
02_01_08_13,02,01,08,13
01_02_07_11,01,02,07,11
10_02_08_09,10,02,08,09
01_01_02_17,01,01,02,17
05_02_06_17,05,02,06,17
01_01_03_13,01,01,03,13
02_03_05_07,02,03,05,07
07_01_03_06,07,01,03,06
04_02_03_12,04,02,03,12
11_02_08_08,11,02,08,08
12_03_04_09,12,03,04,09
07_03_01_09,07,03,01,09
04_02_06_14,04,02,06,14
08_02_06_13,08,02,06,13
02_01_03_04,02,01,03,04
05_03_02_18,05,03,02,18
09_03_02_14,09,03,02,14
03_02_05_07,03,02,05,07
11_03_05_19,11,03,05,19
08_01_01_18,08,01,01,18
04_03_02_06,04,03,02,06
10_02_08_02,10,02,08,02
01_01_06_13,01,01,06,13
01_01_01_04,01,01,01,04
06_01_05_02,06,01,05,02
11_01_05_08,11,01,05,08
03_03_04_11,03,03,04,11
11_01_06_16,11,01,06,16
01_01_02_14,01,01,02,14
08_01_07_18,08,01,07,18
03_03_06_11,03,03,06,11
06_02_02_18,06,02,02,18
02_03_07_06,02,03,07,06
09_01_03_12,09,01,03,12
11_01_06_08,11,01,06,08
05_02_02_11,05,02,02,11
10_02_04_01,10,02,04,01
04_03_02_09,04,03,02,09
02_02_01_04,02,02,01,04
07_02_03_09,07,02,03,09
12_02_02_06,12,02,02,06
11_02_05_17,11,02,05,17
08_03_08_12,08,03,08,12
04_02_04_06,04,02,04,06
07_01_01_17,07,01,01,17
05_03_07_19,05,03,07,19
12_03_05_03,12,03,05,03
11_02_01_14,11,02,01,14
05_03_01_07,05,03,01,07
12_02_01_08,12,02,01,08
07_03_02_12,07,03,02,12
09_03_06_17,09,03,06,17
11_02_04_07,11,02,04,07
03_01_06_06,03,01,06,06
12_03_06_03,12,03,06,03
02_03_02_13,02,03,02,13
02_03_07_13,02,03,07,13
07_02_01_03,07,02,01,03
05_01_03_13,05,01,03,13
03_02_05_14,03,02,05,14
05_02_04_17,05,02,04,17
05_03_03_08,05,03,03,08
12_02_05_01,12,02,05,01
03_01_02_16,03,01,02,16
01_01_01_01,01,01,01,01
06_03_07_04,06,03,07,04
11_02_07_16,11,02,07,16
06_01_02_11,06,01,02,11
03_02_03_19,03,02,03,19
06_02_03_19,06,02,03,19
09_02_08_07,09,02,08,07
03_01_01_18,03,01,01,18
09_03_05_08,09,03,05,08
04_02_05_04,04,02,05,04
04_03_03_16,04,03,03,16
04_01_05_08,04,01,05,08
01_03_05_02,01,03,05,02
02_03_01_11,02,03,01,11
03_03_02_14,03,03,02,14
07_01_01_03,07,01,01,03
10_01_06_19,10,01,06,19
03_02_03_08,03,02,03,08
12_03_01_12,12,03,01,12
08_01_06_04,08,01,06,04
01_02_08_09,01,02,08,09
03_03_08_11,03,03,08,11
06_03_05_14,06,03,05,14
03_01_07_19,03,01,07,19
08_02_07_14,08,02,07,14
07_03_02_17,07,03,02,17
02_01_05_07,02,01,05,07
10_02_08_04,10,02,08,04
07_01_06_13,07,01,06,13
11_02_03_13,11,02,03,13
11_03_07_04,11,03,07,04
04_03_08_08,04,03,08,08
02_01_07_11,02,01,07,11
01_03_02_09,01,03,02,09
09_02_02_13,09,02,02,13
01_03_07_19,01,03,07,19
05_02_02_04,05,02,02,04
02_03_08_08,02,03,08,08
05_02_02_12,05,02,02,12
09_03_02_02,09,03,02,02
02_03_06_06,02,03,06,06
07_03_07_19,07,03,07,19
05_01_03_18,05,01,03,18
08_02_01_06,08,02,01,06
01_02_04_14,01,02,04,14
11_01_05_16,11,01,05,16
10_01_07_08,10,01,07,08
04_01_05_02,04,01,05,02
01_01_06_11,01,01,06,11
03_03_07_14,03,03,07,14
12_03_02_13,12,03,02,13
01_01_07_04,01,01,07,04
11_03_06_12,11,03,06,12
03_03_05_06,03,03,05,06
02_02_03_03,02,02,03,03
01_01_06_07,01,01,06,07
04_01_02_08,04,01,02,08
05_03_06_13,05,03,06,13
03_02_02_14,03,02,02,14
01_03_06_11,01,03,06,11
03_03_02_11,03,03,02,11
04_03_05_11,04,03,05,11
04_02_06_06,04,02,06,06
08_01_01_09,08,01,01,09
02_01_01_07,02,01,01,07
04_03_06_14,04,03,06,14
09_01_04_17,09,01,04,17
10_03_05_07,10,03,05,07
08_02_05_01,08,02,05,01
07_02_07_19,07,02,07,19
08_02_03_09,08,02,03,09
02_01_01_01,02,01,01,01
10_03_02_12,10,03,02,12
01_02_02_16,01,02,02,16
09_02_03_11,09,02,03,11
10_01_06_11,10,01,06,11
12_01_03_08,12,01,03,08
04_03_07_16,04,03,07,16
04_01_06_06,04,01,06,06
10_01_01_12,10,01,01,12
03_01_03_01,03,01,03,01
05_02_01_01,05,02,01,01
06_03_06_08,06,03,06,08
07_03_02_18,07,03,02,18
03_03_05_08,03,03,05,08
03_02_08_07,03,02,08,07
02_02_05_16,02,02,05,16
08_01_04_08,08,01,04,08
06_02_07_07,06,02,07,07
08_01_02_08,08,01,02,08
01_03_07_07,01,03,07,07
11_01_02_02,11,01,02,02
02_02_01_11,02,02,01,11
02_02_02_04,02,02,02,04
01_01_04_12,01,01,04,12
09_01_08_09,09,01,08,09
10_01_01_16,10,01,01,16
07_01_01_11,07,01,01,11
01_02_03_19,01,02,03,19
10_02_01_04,10,02,01,04
11_02_05_19,11,02,05,19
05_01_07_19,05,01,07,19
10_02_07_14,10,02,07,14
12_02_05_08,12,02,05,08
05_02_02_14,05,02,02,14
08_02_04_19,08,02,04,19
06_02_05_19,06,02,05,19
12_01_05_19,12,01,05,19
04_02_08_18,04,02,08,18
07_03_06_12,07,03,06,12
07_02_03_07,07,02,03,07
07_02_03_16,07,02,03,16
02_02_02_09,02,02,02,09
04_02_04_17,04,02,04,17
02_03_01_06,02,03,01,06
09_03_05_18,09,03,05,18
08_01_07_07,08,01,07,07
08_02_08_09,08,02,08,09
03_02_01_07,03,02,01,07
04_01_08_19,04,01,08,19
01_01_05_14,01,01,05,14
01_01_06_09,01,01,06,09
01_01_06_08,01,01,06,08
08_02_06_02,08,02,06,02
05_01_06_01,05,01,06,01
08_01_03_11,08,01,03,11
07_02_08_18,07,02,08,18
03_03_03_14,03,03,03,14
03_03_02_03,03,03,02,03
05_03_04_09,05,03,04,09
11_01_04_16,11,01,04,16
12_03_07_12,12,03,07,12
12_02_03_08,12,02,03,08
12_01_07_08,12,01,07,08
06_03_06_07,06,03,06,07
09_02_08_19,09,02,08,19
04_01_03_03,04,01,03,03
12_01_04_09,12,01,04,09
05_03_03_03,05,03,03,03
12_01_03_14,12,01,03,14
01_03_08_18,01,03,08,18
10_02_01_11,10,02,01,11
04_01_04_02,04,01,04,02
09_01_06_14,09,01,06,14
06_03_05_19,06,03,05,19
01_02_05_19,01,02,05,19
03_01_08_11,03,01,08,11
04_01_08_16,04,01,08,16
02_01_02_11,02,01,02,11
10_01_03_14,10,01,03,14
01_02_01_06,01,02,01,06
01_03_02_18,01,03,02,18
03_01_05_19,03,01,05,19
10_02_05_17,10,02,05,17
08_02_03_07,08,02,03,07
06_01_01_13,06,01,01,13
08_02_07_07,08,02,07,07
06_02_01_06,06,02,01,06
09_01_07_13,09,01,07,13
08_03_03_12,08,03,03,12
02_02_08_11,02,02,08,11
12_01_08_01,12,01,08,01
12_01_08_17,12,01,08,17
11_03_07_03,11,03,07,03
01_01_02_03,01,01,02,03
10_03_05_17,10,03,05,17
08_02_06_07,08,02,06,07
08_03_04_19,08,03,04,19
01_02_05_04,01,02,05,04
07_02_06_09,07,02,06,09
03_01_04_06,03,01,04,06
08_01_03_06,08,01,03,06
06_02_07_17,06,02,07,17
01_01_04_08,01,01,04,08
06_01_08_08,06,01,08,08
11_01_08_04,11,01,08,04
08_01_03_16,08,01,03,16
09_01_03_03,09,01,03,03
09_02_01_13,09,02,01,13
10_02_06_16,10,02,06,16
08_01_07_19,08,01,07,19
12_02_01_18,12,02,01,18
01_02_02_11,01,02,02,11
12_01_04_07,12,01,04,07
12_02_04_13,12,02,04,13
03_02_08_04,03,02,08,04
08_02_03_06,08,02,03,06
07_02_07_11,07,02,07,11
12_01_08_08,12,01,08,08
10_01_05_11,10,01,05,11
04_01_03_19,04,01,03,19
12_02_08_09,12,02,08,09
01_02_03_12,01,02,03,12
02_02_07_17,02,02,07,17
06_01_04_09,06,01,04,09
04_03_08_12,04,03,08,12
05_02_04_02,05,02,04,02
08_02_03_19,08,02,03,19
07_01_08_13,07,01,08,13
03_01_04_18,03,01,04,18
08_02_02_13,08,02,02,13
06_03_04_04,06,03,04,04
08_01_02_11,08,01,02,11
05_01_04_11,05,01,04,11
10_01_03_03,10,01,03,03
05_01_04_07,05,01,04,07
05_01_05_16,05,01,05,16
02_01_03_03,02,01,03,03
06_01_03_07,06,01,03,07
08_02_08_11,08,02,08,11
01_03_05_09,01,03,05,09
11_01_08_07,11,01,08,07
07_01_05_01,07,01,05,01
07_01_03_16,07,01,03,16
12_02_08_12,12,02,08,12
05_01_06_04,05,01,06,04
05_02_03_18,05,02,03,18
03_03_06_04,03,03,06,04
06_01_08_11,06,01,08,11
04_01_02_19,04,01,02,19
11_03_06_14,11,03,06,14
03_01_03_18,03,01,03,18
04_02_08_06,04,02,08,06
05_03_06_03,05,03,06,03
02_02_02_08,02,02,02,08
05_03_06_16,05,03,06,16
05_01_03_01,05,01,03,01
07_03_01_08,07,03,01,08
03_02_01_06,03,02,01,06
12_01_06_14,12,01,06,14
03_03_06_08,03,03,06,08
01_02_03_18,01,02,03,18
10_01_02_19,10,01,02,19
04_03_03_13,04,03,03,13
10_02_04_17,10,02,04,17
11_01_07_01,11,01,07,01
09_01_02_19,09,01,02,19
07_01_02_14,07,01,02,14
01_03_08_03,01,03,08,03
12_03_02_06,12,03,02,06
05_01_02_03,05,01,02,03
09_02_04_06,09,02,04,06
07_02_05_02,07,02,05,02
09_01_03_09,09,01,03,09
08_02_02_04,08,02,02,04
01_01_05_06,01,01,05,06
10_01_06_13,10,01,06,13
09_03_03_09,09,03,03,09
01_01_04_06,01,01,04,06
11_03_06_02,11,03,06,02
09_01_06_13,09,01,06,13
02_01_06_13,02,01,06,13
06_01_07_03,06,01,07,03
06_01_03_09,06,01,03,09
11_02_01_17,11,02,01,17
03_01_08_16,03,01,08,16
12_01_01_18,12,01,01,18
06_01_01_11,06,01,01,11
02_03_01_09,02,03,01,09
05_01_08_02,05,01,08,02
11_02_04_17,11,02,04,17
01_02_08_16,01,02,08,16
11_01_05_12,11,01,05,12
02_02_06_12,02,02,06,12
09_01_01_11,09,01,01,11
05_01_08_19,05,01,08,19
09_02_06_19,09,02,06,19
12_02_07_12,12,02,07,12
01_02_07_04,01,02,07,04
04_01_06_08,04,01,06,08
07_01_01_07,07,01,01,07
10_01_01_06,10,01,01,06
12_02_02_16,12,02,02,16
10_03_05_02,10,03,05,02
07_01_07_18,07,01,07,18
10_03_02_07,10,03,02,07
10_02_01_08,10,02,01,08
09_03_08_12,09,03,08,12
07_01_08_09,07,01,08,09
01_03_03_07,01,03,03,07
07_02_07_08,07,02,07,08
01_02_01_11,01,02,01,11
11_01_08_09,11,01,08,09
09_03_06_06,09,03,06,06
02_01_05_04,02,01,05,04
01_03_03_18,01,03,03,18
05_03_02_16,05,03,02,16
02_01_08_04,02,01,08,04
04_01_03_12,04,01,03,12
07_01_03_17,07,01,03,17
07_01_05_16,07,01,05,16
12_02_01_17,12,02,01,17
06_02_06_01,06,02,06,01
05_02_02_17,05,02,02,17
03_01_01_03,03,01,01,03
03_03_05_03,03,03,05,03
03_01_01_09,03,01,01,09
02_02_02_11,02,02,02,11
05_02_06_01,05,02,06,01
02_03_06_16,02,03,06,16
05_03_01_18,05,03,01,18
06_01_08_19,06,01,08,19
07_02_05_12,07,02,05,12
11_02_04_04,11,02,04,04
01_01_01_12,01,01,01,12
05_01_02_08,05,01,02,08
01_01_02_01,01,01,02,01
09_02_02_14,09,02,02,14
03_01_03_17,03,01,03,17
01_02_03_17,01,02,03,17
08_02_05_08,08,02,05,08
03_03_05_16,03,03,05,16
09_02_04_11,09,02,04,11
03_01_06_07,03,01,06,07
07_03_06_11,07,03,06,11
03_01_07_18,03,01,07,18
03_02_02_08,03,02,02,08
12_01_01_11,12,01,01,11
03_02_08_14,03,02,08,14
08_02_05_06,08,02,05,06
03_02_03_01,03,02,03,01
07_02_04_17,07,02,04,17
02_03_08_13,02,03,08,13
10_01_02_07,10,01,02,07
12_01_03_19,12,01,03,19
01_03_01_16,01,03,01,16
04_03_06_19,04,03,06,19
12_03_01_17,12,03,01,17
02_02_08_17,02,02,08,17
11_01_07_09,11,01,07,09
10_01_06_01,10,01,06,01
10_01_08_01,10,01,08,01
03_02_08_17,03,02,08,17
11_01_07_12,11,01,07,12
07_03_03_12,07,03,03,12
09_01_06_12,09,01,06,12
06_01_05_12,06,01,05,12
10_01_07_14,10,01,07,14
03_01_04_01,03,01,04,01
08_02_07_01,08,02,07,01
01_02_03_09,01,02,03,09
07_03_08_01,07,03,08,01
08_03_02_07,08,03,02,07
10_01_08_06,10,01,08,06
04_02_07_12,04,02,07,12
02_03_06_02,02,03,06,02
06_01_06_13,06,01,06,13
05_01_03_16,05,01,03,16
05_01_07_04,05,01,07,04
06_01_04_01,06,01,04,01
03_03_01_08,03,03,01,08
10_01_08_19,10,01,08,19
11_03_08_06,11,03,08,06
01_03_05_11,01,03,05,11
03_01_02_01,03,01,02,01
09_02_02_03,09,02,02,03
06_01_04_12,06,01,04,12
03_02_05_04,03,02,05,04
06_02_01_09,06,02,01,09
02_03_03_08,02,03,03,08
03_01_02_07,03,01,02,07
03_01_04_13,03,01,04,13
02_03_04_08,02,03,04,08
07_01_01_14,07,01,01,14
12_03_06_17,12,03,06,17
02_03_06_18,02,03,06,18
12_02_08_01,12,02,08,01
05_01_05_17,05,01,05,17
07_02_05_09,07,02,05,09
01_01_03_12,01,01,03,12
09_02_08_16,09,02,08,16
11_03_02_17,11,03,02,17
12_01_08_03,12,01,08,03
06_02_07_09,06,02,07,09
08_01_05_12,08,01,05,12
11_03_04_14,11,03,04,14
06_02_03_01,06,02,03,01
08_02_01_08,08,02,01,08
01_02_08_18,01,02,08,18
05_01_02_09,05,01,02,09
04_02_07_11,04,02,07,11
03_01_06_12,03,01,06,12
11_02_08_04,11,02,08,04
08_02_08_02,08,02,08,02
04_02_07_13,04,02,07,13
06_02_06_07,06,02,06,07
03_02_07_18,03,02,07,18
12_01_04_04,12,01,04,04
10_02_07_04,10,02,07,04
05_03_02_01,05,03,02,01
11_01_06_14,11,01,06,14
02_01_07_17,02,01,07,17
06_01_03_03,06,01,03,03
11_02_02_12,11,02,02,12
02_02_08_03,02,02,08,03
11_02_03_06,11,02,03,06
05_03_05_02,05,03,05,02
07_01_06_08,07,01,06,08
04_01_02_02,04,01,02,02
05_03_01_12,05,03,01,12
02_02_05_07,02,02,05,07
05_01_08_13,05,01,08,13
09_03_08_11,09,03,08,11
06_01_08_17,06,01,08,17
09_01_08_08,09,01,08,08
09_03_02_11,09,03,02,11
06_01_01_09,06,01,01,09
06_02_02_03,06,02,02,03
05_02_07_13,05,02,07,13
02_03_08_12,02,03,08,12
05_02_01_14,05,02,01,14
09_01_02_16,09,01,02,16
01_01_06_06,01,01,06,06
10_01_04_09,10,01,04,09
02_01_01_04,02,01,01,04
12_02_02_11,12,02,02,11
07_01_05_04,07,01,05,04
09_01_01_02,09,01,01,02
06_02_04_19,06,02,04,19
09_03_03_18,09,03,03,18
11_03_03_02,11,03,03,02
05_03_03_13,05,03,03,13
03_03_04_04,03,03,04,04
08_01_08_08,08,01,08,08
07_03_03_08,07,03,03,08
02_03_08_07,02,03,08,07
09_03_02_13,09,03,02,13
09_02_06_14,09,02,06,14
07_01_07_09,07,01,07,09
07_03_01_11,07,03,01,11
09_03_05_03,09,03,05,03
03_02_05_02,03,02,05,02
09_03_05_09,09,03,05,09
09_02_07_17,09,02,07,17
08_01_03_12,08,01,03,12
03_01_05_01,03,01,05,01
01_02_05_07,01,02,05,07
08_02_05_09,08,02,05,09
06_01_06_11,06,01,06,11
06_01_05_18,06,01,05,18
06_01_07_06,06,01,07,06
11_02_06_04,11,02,06,04
09_03_03_07,09,03,03,07
02_01_07_18,02,01,07,18
11_03_03_06,11,03,03,06
01_01_07_06,01,01,07,06
06_02_03_02,06,02,03,02
05_01_05_13,05,01,05,13
03_02_01_09,03,02,01,09
08_03_06_12,08,03,06,12
09_02_01_08,09,02,01,08
02_01_07_03,02,01,07,03
03_02_02_09,03,02,02,09
11_03_05_14,11,03,05,14
01_02_01_13,01,02,01,13
10_02_02_06,10,02,02,06
07_02_06_01,07,02,06,01
11_02_06_13,11,02,06,13
11_02_08_13,11,02,08,13
06_02_05_18,06,02,05,18
12_01_07_01,12,01,07,01
10_02_06_19,10,02,06,19
11_03_05_04,11,03,05,04
05_03_05_13,05,03,05,13
08_01_05_14,08,01,05,14
12_02_02_02,12,02,02,02
02_01_06_11,02,01,06,11
10_02_08_06,10,02,08,06
06_01_02_18,06,01,02,18
02_02_01_06,02,02,01,06
01_02_06_04,01,02,06,04
01_02_07_16,01,02,07,16
03_03_04_13,03,03,04,13
08_01_01_16,08,01,01,16
11_03_04_06,11,03,04,06
03_01_03_11,03,01,03,11
03_02_01_19,03,02,01,19
03_02_03_04,03,02,03,04
07_02_03_12,07,02,03,12
04_03_05_19,04,03,05,19
12_01_06_02,12,01,06,02
06_02_04_16,06,02,04,16
05_01_08_11,05,01,08,11
07_02_01_16,07,02,01,16
01_02_05_09,01,02,05,09
08_01_08_16,08,01,08,16
06_02_03_18,06,02,03,18
04_01_03_14,04,01,03,14
03_03_08_13,03,03,08,13
11_01_03_08,11,01,03,08
09_03_03_13,09,03,03,13
03_02_03_02,03,02,03,02
12_03_06_11,12,03,06,11
12_02_08_11,12,02,08,11
11_02_07_18,11,02,07,18
05_02_05_19,05,02,05,19
09_02_02_07,09,02,02,07
01_02_04_03,01,02,04,03
06_02_01_16,06,02,01,16
09_01_02_03,09,01,02,03
05_01_02_11,05,01,02,11
09_03_04_12,09,03,04,12
05_01_07_13,05,01,07,13
03_03_07_19,03,03,07,19
09_03_03_08,09,03,03,08
05_02_06_09,05,02,06,09
08_01_05_17,08,01,05,17
04_02_04_16,04,02,04,16
04_01_01_11,04,01,01,11
07_02_08_16,07,02,08,16
05_01_03_19,05,01,03,19
07_03_03_02,07,03,03,02
03_03_08_12,03,03,08,12
11_02_07_01,11,02,07,01
04_02_04_09,04,02,04,09
04_01_03_02,04,01,03,02
03_03_06_09,03,03,06,09
06_01_05_03,06,01,05,03
11_01_02_01,11,01,02,01
12_03_05_07,12,03,05,07
01_03_05_14,01,03,05,14
09_01_04_16,09,01,04,16
11_02_06_06,11,02,06,06
03_01_05_13,03,01,05,13
10_02_04_06,10,02,04,06
09_01_01_01,09,01,01,01
03_03_07_04,03,03,07,04
03_02_05_19,03,02,05,19
12_03_01_09,12,03,01,09
07_03_07_09,07,03,07,09
11_01_03_09,11,01,03,09
09_02_03_12,09,02,03,12
06_02_04_17,06,02,04,17
08_02_07_17,08,02,07,17
05_03_01_01,05,03,01,01
08_02_04_11,08,02,04,11
12_01_06_04,12,01,06,04
07_02_06_12,07,02,06,12
08_03_06_06,08,03,06,06
02_01_07_13,02,01,07,13
06_02_06_02,06,02,06,02
07_03_01_01,07,03,01,01
07_02_06_19,07,02,06,19
10_01_08_12,10,01,08,12
04_03_01_01,04,03,01,01
10_01_06_16,10,01,06,16
06_01_06_19,06,01,06,19
11_01_08_01,11,01,08,01
06_01_07_02,06,01,07,02
07_03_07_17,07,03,07,17
07_01_06_03,07,01,06,03
04_02_06_17,04,02,06,17
06_02_08_16,06,02,08,16
02_02_02_17,02,02,02,17
03_03_03_08,03,03,03,08
11_01_06_11,11,01,06,11
09_03_06_02,09,03,06,02
09_02_07_09,09,02,07,09
08_02_05_19,08,02,05,19
11_02_08_16,11,02,08,16
11_02_03_19,11,02,03,19
04_02_08_01,04,02,08,01
07_03_06_07,07,03,06,07
10_01_08_11,10,01,08,11
08_03_03_14,08,03,03,14
02_01_07_08,02,01,07,08
12_02_03_09,12,02,03,09
09_01_08_12,09,01,08,12
11_03_06_09,11,03,06,09
12_03_02_04,12,03,02,04
12_01_08_04,12,01,08,04
06_02_02_02,06,02,02,02
12_01_08_07,12,01,08,07
11_01_06_13,11,01,06,13
07_02_08_03,07,02,08,03
01_03_03_06,01,03,03,06
11_03_05_18,11,03,05,18
09_02_03_07,09,02,03,07
03_02_04_06,03,02,04,06
08_02_02_01,08,02,02,01
03_01_06_16,03,01,06,16
02_01_03_13,02,01,03,13
02_01_07_19,02,01,07,19
02_01_01_03,02,01,01,03
12_02_05_07,12,02,05,07
08_03_03_06,08,03,03,06
03_01_06_13,03,01,06,13
10_02_08_19,10,02,08,19
05_02_01_17,05,02,01,17
01_03_02_03,01,03,02,03
04_02_02_06,04,02,02,06
01_03_08_07,01,03,08,07
01_01_04_03,01,01,04,03
05_01_02_16,05,01,02,16
08_01_08_07,08,01,08,07
03_03_05_14,03,03,05,14
09_02_07_13,09,02,07,13
01_02_05_01,01,02,05,01
03_01_07_12,03,01,07,12
01_02_03_04,01,02,03,04
12_01_05_03,12,01,05,03
04_03_01_02,04,03,01,02
12_02_07_17,12,02,07,17
10_01_05_18,10,01,05,18
11_03_01_07,11,03,01,07
09_02_01_14,09,02,01,14
05_03_06_06,05,03,06,06
07_03_02_08,07,03,02,08
12_01_06_18,12,01,06,18
07_02_01_01,07,02,01,01
01_01_08_03,01,01,08,03
04_01_04_08,04,01,04,08
02_02_04_18,02,02,04,18
03_02_06_06,03,02,06,06
02_01_03_11,02,01,03,11
12_02_02_08,12,02,02,08
11_02_08_07,11,02,08,07
11_02_01_06,11,02,01,06
10_02_02_13,10,02,02,13
07_02_03_08,07,02,03,08
04_02_08_04,04,02,08,04
10_02_04_02,10,02,04,02
01_02_01_02,01,02,01,02
09_02_05_19,09,02,05,19
01_02_01_03,01,02,01,03
04_01_02_13,04,01,02,13
01_03_06_16,01,03,06,16
04_03_03_18,04,03,03,18
07_01_07_08,07,01,07,08
10_02_02_01,10,02,02,01
11_03_04_09,11,03,04,09
04_01_05_18,04,01,05,18
03_01_06_08,03,01,06,08
05_01_06_03,05,01,06,03
04_03_03_07,04,03,03,07
05_02_07_11,05,02,07,11
06_02_07_01,06,02,07,01
11_01_01_07,11,01,01,07
11_03_02_16,11,03,02,16
01_01_05_18,01,01,05,18
07_01_05_08,07,01,05,08
04_01_08_13,04,01,08,13
09_01_02_04,09,01,02,04
04_03_04_11,04,03,04,11
10_02_05_06,10,02,05,06
08_02_05_14,08,02,05,14
05_01_06_18,05,01,06,18
10_02_04_19,10,02,04,19
12_02_08_02,12,02,08,02
08_03_05_08,08,03,05,08
03_03_02_12,03,03,02,12
05_02_07_07,05,02,07,07
07_03_06_03,07,03,06,03
11_02_07_02,11,02,07,02
03_01_04_12,03,01,04,12
01_01_05_08,01,01,05,08
01_01_04_02,01,01,04,02
11_03_01_14,11,03,01,14
02_02_05_18,02,02,05,18
06_02_02_11,06,02,02,11
09_02_06_06,09,02,06,06
11_01_05_04,11,01,05,04
04_03_03_19,04,03,03,19
03_02_07_01,03,02,07,01
07_03_04_09,07,03,04,09
09_03_02_07,09,03,02,07
07_01_03_02,07,01,03,02
06_03_05_17,06,03,05,17
01_01_05_16,01,01,05,16
11_01_07_14,11,01,07,14
09_02_01_16,09,02,01,16
09_01_02_17,09,01,02,17
07_03_08_16,07,03,08,16
03_02_02_17,03,02,02,17
12_02_05_11,12,02,05,11
08_01_05_18,08,01,05,18
06_03_05_03,06,03,05,03
02_03_06_09,02,03,06,09
04_02_05_09,04,02,05,09
05_02_04_11,05,02,04,11
07_03_01_13,07,03,01,13
02_01_04_18,02,01,04,18
09_02_03_09,09,02,03,09
03_01_02_18,03,01,02,18
09_01_07_17,09,01,07,17
03_01_08_04,03,01,08,04
03_01_08_19,03,01,08,19
05_01_08_16,05,01,08,16
04_02_07_14,04,02,07,14
01_01_06_03,01,01,06,03
10_01_06_07,10,01,06,07
09_02_03_13,09,02,03,13
09_01_05_19,09,01,05,19
10_02_03_18,10,02,03,18
05_02_05_14,05,02,05,14
02_03_05_11,02,03,05,11
09_02_07_03,09,02,07,03
11_01_03_13,11,01,03,13
03_02_08_19,03,02,08,19
03_02_03_16,03,02,03,16
10_03_06_18,10,03,06,18
08_01_03_01,08,01,03,01
04_01_05_16,04,01,05,16
10_01_06_02,10,01,06,02
03_02_03_17,03,02,03,17
11_01_03_16,11,01,03,16
04_03_07_02,04,03,07,02
11_03_01_19,11,03,01,19
05_02_03_13,05,02,03,13
06_03_03_09,06,03,03,09
06_03_05_06,06,03,05,06
02_03_04_18,02,03,04,18
03_02_04_18,03,02,04,18
08_02_07_03,08,02,07,03
12_01_06_16,12,01,06,16
03_02_08_11,03,02,08,11
04_01_04_12,04,01,04,12
11_01_05_07,11,01,05,07
11_02_02_14,11,02,02,14
02_02_05_13,02,02,05,13
12_02_07_09,12,02,07,09
05_03_02_14,05,03,02,14
05_03_01_13,05,03,01,13
01_02_05_16,01,02,05,16
10_03_06_11,10,03,06,11
06_01_07_11,06,01,07,11
04_03_06_02,04,03,06,02
10_02_03_01,10,02,03,01
09_03_04_02,09,03,04,02
09_02_07_08,09,02,07,08
07_01_04_17,07,01,04,17
07_03_08_11,07,03,08,11
03_01_07_11,03,01,07,11
12_02_01_12,12,02,01,12
12_02_04_08,12,02,04,08
08_03_05_16,08,03,05,16
10_03_05_09,10,03,05,09
02_03_01_12,02,03,01,12
10_01_03_12,10,01,03,12
10_01_03_06,10,01,03,06
11_03_03_16,11,03,03,16
10_01_04_12,10,01,04,12
09_01_07_18,09,01,07,18
02_03_03_09,02,03,03,09
07_02_08_13,07,02,08,13
03_01_06_14,03,01,06,14
07_02_04_03,07,02,04,03
12_03_02_17,12,03,02,17
03_01_03_13,03,01,03,13
05_01_08_07,05,01,08,07
05_01_05_08,05,01,05,08
08_03_03_04,08,03,03,04
03_03_01_13,03,03,01,13
08_01_04_04,08,01,04,04
02_03_06_13,02,03,06,13
04_01_03_11,04,01,03,11
12_03_06_08,12,03,06,08
04_01_07_11,04,01,07,11
11_03_05_11,11,03,05,11
05_02_06_16,05,02,06,16
02_02_08_14,02,02,08,14
03_02_06_07,03,02,06,07
11_01_05_09,11,01,05,09
07_03_05_06,07,03,05,06
11_02_03_08,11,02,03,08
03_03_08_02,03,03,08,02
07_01_03_09,07,01,03,09
06_02_07_08,06,02,07,08
09_02_04_17,09,02,04,17
05_01_02_17,05,01,02,17
02_02_05_11,02,02,05,11
07_03_06_04,07,03,06,04
07_01_06_17,07,01,06,17
02_02_06_17,02,02,06,17
04_03_02_13,04,03,02,13
07_01_03_04,07,01,03,04
05_01_02_13,05,01,02,13
10_01_01_14,10,01,01,14
03_02_07_13,03,02,07,13
09_01_04_06,09,01,04,06
10_01_07_13,10,01,07,13
05_02_01_02,05,02,01,02
05_01_04_03,05,01,04,03
03_01_08_12,03,01,08,12
11_01_08_13,11,01,08,13
07_02_05_14,07,02,05,14
09_02_04_03,09,02,04,03
07_02_08_12,07,02,08,12
01_02_05_06,01,02,05,06
06_02_03_06,06,02,03,06
07_03_05_12,07,03,05,12
05_03_01_09,05,03,01,09
04_03_03_09,04,03,03,09
05_02_03_06,05,02,03,06
12_02_04_04,12,02,04,04
11_03_03_07,11,03,03,07
12_03_06_19,12,03,06,19
04_01_07_04,04,01,07,04
03_02_04_17,03,02,04,17
06_02_02_17,06,02,02,17
01_03_07_09,01,03,07,09
06_02_05_16,06,02,05,16
01_01_04_09,01,01,04,09
11_03_02_02,11,03,02,02
04_02_02_03,04,02,02,03
05_02_03_09,05,02,03,09
06_02_07_18,06,02,07,18
07_03_08_09,07,03,08,09
09_02_02_01,09,02,02,01
01_02_07_01,01,02,07,01
01_03_03_08,01,03,03,08
08_03_06_03,08,03,06,03
03_03_03_04,03,03,03,04
03_03_01_16,03,03,01,16
11_03_02_07,11,03,02,07
12_03_05_04,12,03,05,04
05_01_03_04,05,01,03,04
02_01_02_17,02,01,02,17
07_03_07_01,07,03,07,01
09_01_01_09,09,01,01,09
06_01_08_12,06,01,08,12
12_03_05_12,12,03,05,12
06_01_01_19,06,01,01,19
09_01_03_06,09,01,03,06
02_02_08_12,02,02,08,12
01_01_03_16,01,01,03,16
06_01_02_04,06,01,02,04
10_01_04_14,10,01,04,14
02_03_04_02,02,03,04,02
07_01_02_12,07,01,02,12
02_03_01_16,02,03,01,16
05_01_08_08,05,01,08,08
12_03_04_06,12,03,04,06
12_01_06_08,12,01,06,08
08_01_08_14,08,01,08,14
02_02_04_03,02,02,04,03
06_03_02_03,06,03,02,03
05_01_07_06,05,01,07,06
02_03_05_12,02,03,05,12
11_03_04_13,11,03,04,13
08_02_04_07,08,02,04,07
04_01_01_09,04,01,01,09
02_01_07_01,02,01,07,01
03_02_03_09,03,02,03,09
12_01_03_02,12,01,03,02
07_01_03_12,07,01,03,12
12_02_07_01,12,02,07,01
11_02_02_09,11,02,02,09
09_02_08_04,09,02,08,04
11_02_06_01,11,02,06,01
10_03_04_14,10,03,04,14
12_02_03_04,12,02,03,04
04_01_08_18,04,01,08,18
05_02_02_03,05,02,02,03
06_03_04_17,06,03,04,17
11_03_03_09,11,03,03,09
04_01_01_04,04,01,01,04
02_02_05_09,02,02,05,09
01_03_02_04,01,03,02,04
08_01_06_03,08,01,06,03
12_02_05_17,12,02,05,17
04_02_04_12,04,02,04,12
07_02_06_02,07,02,06,02
02_02_06_04,02,02,06,04
08_03_06_18,08,03,06,18
03_03_05_02,03,03,05,02
01_03_08_12,01,03,08,12
08_02_02_16,08,02,02,16
12_02_01_14,12,02,01,14
08_01_06_09,08,01,06,09
09_03_06_14,09,03,06,14
09_03_05_17,09,03,05,17
08_03_06_13,08,03,06,13
12_01_05_18,12,01,05,18
01_02_02_03,01,02,02,03
04_03_04_04,04,03,04,04
01_03_06_12,01,03,06,12
08_01_04_19,08,01,04,19
03_01_07_02,03,01,07,02
01_01_01_13,01,01,01,13
06_02_03_16,06,02,03,16
02_02_03_08,02,02,03,08
02_01_07_16,02,01,07,16
09_02_01_19,09,02,01,19
09_03_03_14,09,03,03,14
07_02_03_03,07,02,03,03
06_02_07_11,06,02,07,11
01_03_01_13,01,03,01,13
10_01_01_03,10,01,01,03
02_03_02_12,02,03,02,12
09_03_07_07,09,03,07,07
12_01_06_11,12,01,06,11
02_03_02_03,02,03,02,03
09_01_01_19,09,01,01,19
11_02_01_01,11,02,01,01
01_02_07_13,01,02,07,13
03_03_01_02,03,03,01,02
05_03_03_02,05,03,03,02
08_02_03_12,08,02,03,12
08_01_04_09,08,01,04,09
11_02_04_08,11,02,04,08
03_03_03_19,03,03,03,19
05_03_07_17,05,03,07,17
10_01_01_09,10,01,01,09
03_02_05_08,03,02,05,08
08_01_04_12,08,01,04,12
08_03_07_13,08,03,07,13
08_02_02_14,08,02,02,14
02_02_02_19,02,02,02,19
11_01_06_06,11,01,06,06
10_01_06_12,10,01,06,12
06_01_06_12,06,01,06,12
10_02_06_03,10,02,06,03
04_01_03_09,04,01,03,09
11_01_04_12,11,01,04,12
06_01_01_02,06,01,01,02
08_02_01_17,08,02,01,17
07_02_05_06,07,02,05,06
07_03_07_03,07,03,07,03
01_02_04_13,01,02,04,13
05_02_01_12,05,02,01,12
06_02_08_06,06,02,08,06
09_01_03_11,09,01,03,11
07_03_04_11,07,03,04,11
09_03_01_02,09,03,01,02
06_01_01_07,06,01,01,07
11_03_07_18,11,03,07,18
09_02_01_02,09,02,01,02
07_02_01_17,07,02,01,17
02_02_04_19,02,02,04,19
11_01_06_12,11,01,06,12
03_01_01_16,03,01,01,16
11_02_03_11,11,02,03,11
12_01_01_16,12,01,01,16
01_03_08_09,01,03,08,09
04_02_03_04,04,02,03,04
03_02_03_14,03,02,03,14
11_02_07_11,11,02,07,11
05_01_08_04,05,01,08,04
01_01_01_17,01,01,01,17
07_02_08_09,07,02,08,09
07_01_05_09,07,01,05,09
08_03_05_18,08,03,05,18
04_01_02_11,04,01,02,11
09_02_05_14,09,02,05,14
01_03_05_19,01,03,05,19
04_01_04_03,04,01,04,03
03_03_01_19,03,03,01,19
07_01_05_19,07,01,05,19
06_01_05_08,06,01,05,08
06_02_02_07,06,02,02,07
01_02_04_19,01,02,04,19
06_01_05_06,06,01,05,06
07_01_08_19,07,01,08,19
10_02_01_02,10,02,01,02
02_02_06_11,02,02,06,11
02_03_06_12,02,03,06,12
11_03_07_19,11,03,07,19
02_03_05_06,02,03,05,06
05_01_04_04,05,01,04,04
12_02_02_07,12,02,02,07
06_03_06_16,06,03,06,16
10_03_06_04,10,03,06,04
01_01_05_07,01,01,05,07
06_01_04_03,06,01,04,03
05_02_04_18,05,02,04,18
07_01_05_11,07,01,05,11
06_03_02_14,06,03,02,14
11_02_02_06,11,02,02,06
08_03_03_09,08,03,03,09
11_03_06_06,11,03,06,06
10_01_07_17,10,01,07,17
10_02_05_07,10,02,05,07
05_03_06_19,05,03,06,19
07_02_06_03,07,02,06,03
11_03_08_11,11,03,08,11
05_01_04_14,05,01,04,14
11_02_08_18,11,02,08,18
06_02_08_14,06,02,08,14
01_01_05_04,01,01,05,04
04_01_06_14,04,01,06,14
03_01_07_04,03,01,07,04
01_02_07_18,01,02,07,18
04_03_04_08,04,03,04,08
06_03_07_06,06,03,07,06
11_01_07_19,11,01,07,19
03_03_03_09,03,03,03,09
04_01_04_17,04,01,04,17
09_03_06_16,09,03,06,16
04_02_03_13,04,02,03,13
12_01_08_13,12,01,08,13
04_02_01_03,04,02,01,03
12_01_07_19,12,01,07,19
02_01_04_09,02,01,04,09
08_01_08_17,08,01,08,17
09_02_07_12,09,02,07,12
01_03_07_16,01,03,07,16
06_01_03_04,06,01,03,04
08_01_03_07,08,01,03,07
05_02_07_02,05,02,07,02
10_03_02_16,10,03,02,16
12_02_06_11,12,02,06,11
08_02_01_16,08,02,01,16
09_03_07_19,09,03,07,19
12_01_06_06,12,01,06,06
02_03_01_02,02,03,01,02
01_01_02_12,01,01,02,12
10_02_07_07,10,02,07,07
01_01_08_17,01,01,08,17
11_01_08_18,11,01,08,18
04_02_06_16,04,02,06,16
10_01_05_09,10,01,05,09
02_01_02_14,02,01,02,14
06_03_04_02,06,03,04,02
10_01_08_13,10,01,08,13
05_03_04_12,05,03,04,12
05_02_05_17,05,02,05,17
04_03_06_06,04,03,06,06
10_02_08_07,10,02,08,07
02_03_07_07,02,03,07,07
06_01_06_01,06,01,06,01
12_03_04_16,12,03,04,16
10_01_06_08,10,01,06,08
04_01_06_13,04,01,06,13
09_01_07_07,09,01,07,07
06_03_03_19,06,03,03,19
01_02_03_14,01,02,03,14
09_02_02_09,09,02,02,09
06_03_06_12,06,03,06,12
02_02_04_11,02,02,04,11
08_02_02_06,08,02,02,06
02_02_05_08,02,02,05,08
05_01_07_18,05,01,07,18
02_02_02_03,02,02,02,03
01_01_08_02,01,01,08,02
10_02_02_04,10,02,02,04
05_01_07_03,05,01,07,03
07_01_07_04,07,01,07,04
02_02_06_09,02,02,06,09
11_01_03_02,11,01,03,02
01_02_02_18,01,02,02,18
08_01_07_06,08,01,07,06
02_03_03_14,02,03,03,14
06_02_02_14,06,02,02,14
03_02_04_04,03,02,04,04
07_01_06_06,07,01,06,06
01_01_08_14,01,01,08,14
04_02_01_08,04,02,01,08
07_01_04_11,07,01,04,11
02_01_08_07,02,01,08,07
12_02_07_13,12,02,07,13
01_03_06_09,01,03,06,09
06_01_02_17,06,01,02,17
11_02_04_18,11,02,04,18
01_01_03_03,01,01,03,03
04_03_08_01,04,03,08,01
01_03_08_16,01,03,08,16
07_01_02_09,07,01,02,09
08_02_05_12,08,02,05,12
12_01_06_01,12,01,06,01
03_01_05_03,03,01,05,03
08_01_08_18,08,01,08,18
10_02_01_07,10,02,01,07
02_02_05_02,02,02,05,02
07_01_02_13,07,01,02,13
11_03_07_12,11,03,07,12
11_02_07_19,11,02,07,19
01_02_07_14,01,02,07,14
07_01_06_18,07,01,06,18
04_01_05_06,04,01,05,06
03_03_01_07,03,03,01,07
10_02_02_02,10,02,02,02
02_02_02_14,02,02,02,14
11_02_04_12,11,02,04,12
06_02_05_06,06,02,05,06
02_03_02_11,02,03,02,11
08_02_08_07,08,02,08,07
04_01_07_09,04,01,07,09
11_03_02_06,11,03,02,06
09_01_07_08,09,01,07,08
03_02_01_16,03,02,01,16
05_02_04_16,05,02,04,16
04_02_06_03,04,02,06,03
10_03_02_17,10,03,02,17
04_02_01_12,04,02,01,12
02_02_06_16,02,02,06,16
04_01_02_12,04,01,02,12
02_02_01_14,02,02,01,14
01_03_08_06,01,03,08,06
12_03_06_12,12,03,06,12
12_02_08_07,12,02,08,07
02_01_05_01,02,01,05,01
08_01_01_17,08,01,01,17
07_01_07_12,07,01,07,12
07_02_04_01,07,02,04,01
06_03_06_09,06,03,06,09
09_01_02_14,09,01,02,14
03_01_01_01,03,01,01,01
09_02_06_13,09,02,06,13
11_03_01_17,11,03,01,17
12_03_01_16,12,03,01,16
05_03_03_12,05,03,03,12
07_02_02_12,07,02,02,12
04_03_02_17,04,03,02,17
01_01_01_19,01,01,01,19
06_01_05_11,06,01,05,11
12_03_06_16,12,03,06,16
01_03_02_11,01,03,02,11
02_02_01_03,02,02,01,03
09_03_02_19,09,03,02,19
05_01_05_11,05,01,05,11
11_01_01_06,11,01,01,06
12_03_02_03,12,03,02,03
07_01_01_06,07,01,01,06
02_02_04_08,02,02,04,08
02_03_04_09,02,03,04,09
11_03_01_11,11,03,01,11
08_01_01_06,08,01,01,06
02_01_04_12,02,01,04,12
02_03_01_04,02,03,01,04
10_02_07_08,10,02,07,08
12_02_02_17,12,02,02,17
06_02_03_09,06,02,03,09
01_01_04_04,01,01,04,04
07_02_05_18,07,02,05,18
05_02_07_19,05,02,07,19
04_02_04_03,04,02,04,03
05_03_05_11,05,03,05,11
05_02_04_14,05,02,04,14
01_01_07_01,01,01,07,01
10_01_05_04,10,01,05,04
10_02_07_17,10,02,07,17
06_02_06_12,06,02,06,12
01_02_01_04,01,02,01,04
12_03_05_14,12,03,05,14
04_01_02_18,04,01,02,18
08_01_07_16,08,01,07,16
02_03_01_13,02,03,01,13
08_02_04_03,08,02,04,03
11_01_08_11,11,01,08,11
12_01_03_06,12,01,03,06
11_03_04_17,11,03,04,17
11_02_08_17,11,02,08,17
06_02_06_03,06,02,06,03
04_02_07_06,04,02,07,06
03_03_08_18,03,03,08,18
10_02_03_03,10,02,03,03
08_02_06_17,08,02,06,17
02_02_06_07,02,02,06,07
03_03_03_11,03,03,03,11
05_01_03_14,05,01,03,14
09_02_03_04,09,02,03,04
11_03_03_19,11,03,03,19
06_01_03_14,06,01,03,14
01_02_03_02,01,02,03,02
12_03_04_13,12,03,04,13
03_02_02_18,03,02,02,18
12_02_03_16,12,02,03,16
02_02_08_07,02,02,08,07
08_02_04_02,08,02,04,02
05_02_04_08,05,02,04,08
11_03_02_19,11,03,02,19
09_01_04_18,09,01,04,18
12_03_05_06,12,03,05,06
03_01_04_19,03,01,04,19
11_03_06_03,11,03,06,03
03_01_05_17,03,01,05,17
11_03_02_04,11,03,02,04
04_01_01_03,04,01,01,03
08_03_07_14,08,03,07,14
04_03_06_12,04,03,06,12
05_01_02_04,05,01,02,04
10_01_08_17,10,01,08,17
10_03_02_19,10,03,02,19
09_01_06_04,09,01,06,04
11_02_06_16,11,02,06,16
11_01_03_04,11,01,03,04
09_01_04_08,09,01,04,08
03_01_04_08,03,01,04,08
12_03_06_18,12,03,06,18
04_03_07_14,04,03,07,14
06_01_08_18,06,01,08,18
09_01_05_08,09,01,05,08
04_03_01_12,04,03,01,12
02_01_05_18,02,01,05,18
10_02_05_13,10,02,05,13
04_01_01_08,04,01,01,08
01_01_04_18,01,01,04,18
04_01_08_09,04,01,08,09
07_02_08_06,07,02,08,06
07_02_03_06,07,02,03,06
11_01_05_01,11,01,05,01
01_03_08_19,01,03,08,19
10_02_07_03,10,02,07,03
01_03_02_16,01,03,02,16
07_02_06_16,07,02,06,16
10_02_02_18,10,02,02,18
01_03_03_14,01,03,03,14
05_01_05_19,05,01,05,19
10_02_06_14,10,02,06,14
04_02_04_14,04,02,04,14
09_02_01_01,09,02,01,01
02_03_01_07,02,03,01,07
09_01_03_19,09,01,03,19
11_02_07_03,11,02,07,03
01_02_06_08,01,02,06,08
01_01_06_04,01,01,06,04
10_03_02_03,10,03,02,03
04_02_01_17,04,02,01,17
07_03_03_17,07,03,03,17
01_03_07_12,01,03,07,12
04_03_06_07,04,03,06,07
09_01_03_14,09,01,03,14
12_03_01_14,12,03,01,14
10_02_05_11,10,02,05,11
10_01_04_02,10,01,04,02
03_03_06_07,03,03,06,07
02_03_02_02,02,03,02,02
11_02_01_12,11,02,01,12
12_01_05_17,12,01,05,17
07_01_01_19,07,01,01,19
05_03_07_07,05,03,07,07
03_03_04_08,03,03,04,08
10_02_02_09,10,02,02,09
03_03_07_17,03,03,07,17
12_03_05_11,12,03,05,11
09_02_03_17,09,02,03,17
10_01_02_01,10,01,02,01
11_03_05_03,11,03,05,03
12_01_01_08,12,01,01,08
10_01_02_06,10,01,02,06
12_02_08_16,12,02,08,16
03_01_03_16,03,01,03,16
09_03_02_03,09,03,02,03
03_03_02_18,03,03,02,18
01_01_06_12,01,01,06,12
03_01_05_12,03,01,05,12
12_01_07_11,12,01,07,11
03_02_03_07,03,02,03,07
06_02_08_19,06,02,08,19
12_01_03_04,12,01,03,04
12_02_08_13,12,02,08,13
01_01_01_18,01,01,01,18
03_02_06_02,03,02,06,02
02_03_07_18,02,03,07,18
03_03_03_17,03,03,03,17
01_02_06_03,01,02,06,03
10_01_08_08,10,01,08,08
01_01_07_03,01,01,07,03
01_02_08_03,01,02,08,03
02_01_07_07,02,01,07,07
07_01_03_07,07,01,03,07
08_02_06_12,08,02,06,12
05_02_03_19,05,02,03,19
11_03_03_04,11,03,03,04
08_02_07_11,08,02,07,11
12_01_01_09,12,01,01,09
01_02_08_19,01,02,08,19
07_03_04_07,07,03,04,07
10_02_06_02,10,02,06,02
07_03_08_17,07,03,08,17
03_02_04_08,03,02,04,08
01_02_03_11,01,02,03,11
01_03_01_12,01,03,01,12
03_03_07_07,03,03,07,07
04_03_08_02,04,03,08,02
02_02_06_19,02,02,06,19
07_03_05_07,07,03,05,07
09_01_07_01,09,01,07,01
04_03_03_08,04,03,03,08
04_02_07_02,04,02,07,02
05_02_05_08,05,02,05,08
01_01_07_07,01,01,07,07
04_02_07_18,04,02,07,18
12_01_05_09,12,01,05,09
05_01_02_19,05,01,02,19
09_02_02_16,09,02,02,16
01_03_02_06,01,03,02,06
10_02_03_12,10,02,03,12
11_01_07_18,11,01,07,18
08_02_07_13,08,02,07,13
11_01_02_18,11,01,02,18
11_02_06_18,11,02,06,18
07_03_01_07,07,03,01,07
01_02_01_16,01,02,01,16
07_02_07_16,07,02,07,16
02_02_03_12,02,02,03,12
07_01_08_01,07,01,08,01
04_02_01_11,04,02,01,11
09_02_04_19,09,02,04,19
04_01_05_07,04,01,05,07
07_01_06_07,07,01,06,07
02_02_04_01,02,02,04,01
05_01_02_12,05,01,02,12
08_01_01_08,08,01,01,08
01_02_06_19,01,02,06,19
10_01_06_06,10,01,06,06
05_02_08_08,05,02,08,08
01_02_04_07,01,02,04,07
08_02_04_18,08,02,04,18
08_01_05_02,08,01,05,02
03_03_02_04,03,03,02,04
10_02_02_16,10,02,02,16
07_02_06_07,07,02,06,07
04_02_02_19,04,02,02,19
03_03_06_06,03,03,06,06
03_01_03_07,03,01,03,07
02_02_02_12,02,02,02,12
08_01_06_18,08,01,06,18
01_02_02_06,01,02,02,06
11_03_06_07,11,03,06,07
11_02_03_17,11,02,03,17
08_02_03_17,08,02,03,17
02_03_03_12,02,03,03,12
09_01_07_11,09,01,07,11
05_03_06_04,05,03,06,04
04_03_01_18,04,03,01,18
03_02_02_12,03,02,02,12
07_02_05_16,07,02,05,16
01_01_05_17,01,01,05,17
02_02_04_02,02,02,04,02
03_02_01_02,03,02,01,02
02_01_07_09,02,01,07,09
06_01_04_18,06,01,04,18
11_01_01_17,11,01,01,17
02_01_01_16,02,01,01,16
10_01_04_08,10,01,04,08
10_02_04_13,10,02,04,13
11_03_07_09,11,03,07,09
11_03_01_18,11,03,01,18
04_02_03_07,04,02,03,07
03_02_07_07,03,02,07,07
02_01_02_02,02,01,02,02
08_01_08_04,08,01,08,04
01_01_08_12,01,01,08,12
04_01_03_16,04,01,03,16
03_01_06_03,03,01,06,03
10_01_04_18,10,01,04,18
10_01_03_09,10,01,03,09
09_02_05_17,09,02,05,17
01_01_08_07,01,01,08,07
01_03_07_08,01,03,07,08
07_03_06_02,07,03,06,02
09_02_05_02,09,02,05,02
04_02_05_03,04,02,05,03
09_01_03_02,09,01,03,02
05_03_05_08,05,03,05,08
01_02_02_02,01,02,02,02
10_02_06_08,10,02,06,08
01_01_03_09,01,01,03,09
02_01_02_13,02,01,02,13
12_01_04_03,12,01,04,03
12_02_03_14,12,02,03,14
10_02_06_07,10,02,06,07
06_03_04_19,06,03,04,19
06_02_08_04,06,02,08,04
05_01_03_08,05,01,03,08
06_02_03_17,06,02,03,17
01_02_05_03,01,02,05,03
05_01_06_16,05,01,06,16
08_01_04_06,08,01,04,06
06_01_02_14,06,01,02,14
07_01_06_16,07,01,06,16
07_02_01_08,07,02,01,08
05_01_06_13,05,01,06,13
01_03_04_06,01,03,04,06
01_03_01_07,01,03,01,07
02_02_01_02,02,02,01,02
02_01_01_13,02,01,01,13
01_01_02_09,01,01,02,09
06_01_06_18,06,01,06,18
11_03_04_04,11,03,04,04
12_02_04_06,12,02,04,06
02_02_06_06,02,02,06,06
02_02_02_16,02,02,02,16
07_01_05_12,07,01,05,12
06_01_01_08,06,01,01,08
11_02_01_16,11,02,01,16
04_03_08_04,04,03,08,04
03_02_05_03,03,02,05,03
08_01_02_17,08,01,02,17
02_01_08_17,02,01,08,17
08_02_07_16,08,02,07,16
04_01_07_18,04,01,07,18
04_01_05_19,04,01,05,19
05_01_06_14,05,01,06,14
02_01_05_06,02,01,05,06
09_03_02_16,09,03,02,16
07_01_02_16,07,01,02,16
06_03_02_17,06,03,02,17
11_02_08_06,11,02,08,06
03_02_06_09,03,02,06,09
03_03_05_13,03,03,05,13
03_02_07_11,03,02,07,11
03_01_06_19,03,01,06,19
04_03_02_18,04,03,02,18
10_01_03_07,10,01,03,07
05_03_03_19,05,03,03,19
10_03_06_12,10,03,06,12
05_02_08_07,05,02,08,07
08_02_04_04,08,02,04,04
05_03_05_07,05,03,05,07
11_01_07_11,11,01,07,11
09_02_06_17,09,02,06,17
07_01_05_18,07,01,05,18
11_03_03_17,11,03,03,17
06_02_01_12,06,02,01,12
02_03_08_02,02,03,08,02
10_01_02_11,10,01,02,11
08_02_03_02,08,02,03,02
07_03_07_16,07,03,07,16
01_01_02_02,01,01,02,02
08_03_05_13,08,03,05,13
08_01_05_08,08,01,05,08
09_01_01_12,09,01,01,12
07_01_05_13,07,01,05,13
04_03_08_17,04,03,08,17
04_03_08_06,04,03,08,06
02_01_03_14,02,01,03,14
04_01_07_08,04,01,07,08
07_03_01_17,07,03,01,17
07_03_01_04,07,03,01,04
11_03_04_16,11,03,04,16
12_01_02_18,12,01,02,18
05_01_06_02,05,01,06,02
05_02_08_12,05,02,08,12
05_03_04_04,05,03,04,04
04_03_07_06,04,03,07,06
11_02_07_09,11,02,07,09
05_02_04_09,05,02,04,09
05_03_04_06,05,03,04,06
12_03_07_14,12,03,07,14
08_01_07_17,08,01,07,17
04_03_04_06,04,03,04,06
01_01_07_17,01,01,07,17
05_02_01_16,05,02,01,16
07_01_05_06,07,01,05,06
09_02_06_11,09,02,06,11
02_01_08_03,02,01,08,03
02_03_07_14,02,03,07,14
07_03_08_07,07,03,08,07
12_03_03_17,12,03,03,17
09_03_05_19,09,03,05,19
11_02_07_13,11,02,07,13
12_03_04_11,12,03,04,11
04_01_05_11,04,01,05,11
03_03_04_19,03,03,04,19
04_02_04_01,04,02,04,01
06_03_07_08,06,03,07,08
03_02_07_19,03,02,07,19
03_01_01_08,03,01,01,08
04_02_08_07,04,02,08,07
07_03_03_16,07,03,03,16
12_03_01_08,12,03,01,08
01_02_06_14,01,02,06,14
05_03_05_14,05,03,05,14
12_01_02_02,12,01,02,02
03_02_01_08,03,02,01,08
11_01_07_03,11,01,07,03
12_03_02_07,12,03,02,07
04_01_01_16,04,01,01,16
08_03_05_06,08,03,05,06
01_01_01_09,01,01,01,09
01_01_01_16,01,01,01,16
11_03_04_11,11,03,04,11
12_02_03_03,12,02,03,03
04_02_05_17,04,02,05,17
05_02_08_13,05,02,08,13
03_02_04_14,03,02,04,14
02_01_05_03,02,01,05,03
09_01_05_12,09,01,05,12
04_03_06_17,04,03,06,17
11_03_02_09,11,03,02,09
07_03_01_18,07,03,01,18
04_02_05_12,04,02,05,12
12_01_03_17,12,01,03,17
04_01_05_13,04,01,05,13
03_03_04_06,03,03,04,06
04_03_02_14,04,03,02,14
12_02_02_01,12,02,02,01
03_01_06_17,03,01,06,17
10_01_01_01,10,01,01,01
08_02_01_13,08,02,01,13
06_02_02_16,06,02,02,16
11_01_06_19,11,01,06,19
03_03_01_18,03,03,01,18
06_01_01_16,06,01,01,16
03_01_08_09,03,01,08,09
08_02_03_08,08,02,03,08
08_02_02_17,08,02,02,17
04_02_08_08,04,02,08,08
05_02_07_08,05,02,07,08
02_03_06_07,02,03,06,07
04_02_08_16,04,02,08,16
08_03_05_17,08,03,05,17
05_03_05_09,05,03,05,09
01_01_03_07,01,01,03,07
06_01_08_14,06,01,08,14
11_02_05_01,11,02,05,01
05_02_08_18,05,02,08,18
08_01_05_13,08,01,05,13
12_01_02_06,12,01,02,06
01_02_02_19,01,02,02,19
06_03_03_11,06,03,03,11
07_02_08_17,07,02,08,17
01_02_02_13,01,02,02,13
12_03_04_04,12,03,04,04
02_03_07_09,02,03,07,09
02_02_06_02,02,02,06,02
07_03_02_01,07,03,02,01
07_02_02_03,07,02,02,03
06_03_02_16,06,03,02,16
11_03_06_08,11,03,06,08
07_02_07_14,07,02,07,14
08_02_02_19,08,02,02,19
08_01_08_19,08,01,08,19
12_02_08_17,12,02,08,17
06_02_04_13,06,02,04,13
11_03_08_18,11,03,08,18
04_03_08_03,04,03,08,03
03_02_07_14,03,02,07,14
04_02_02_16,04,02,02,16
09_03_01_11,09,03,01,11
04_02_01_01,04,02,01,01
10_01_02_16,10,01,02,16
02_01_05_13,02,01,05,13
01_03_06_08,01,03,06,08
03_01_04_11,03,01,04,11
02_02_07_01,02,02,07,01
06_01_07_07,06,01,07,07
02_01_08_18,02,01,08,18
07_03_05_17,07,03,05,17
03_02_01_13,03,02,01,13
07_02_03_04,07,02,03,04
06_01_02_13,06,01,02,13
07_01_03_13,07,01,03,13
11_01_05_02,11,01,05,02
06_02_02_04,06,02,02,04
08_03_05_03,08,03,05,03
09_01_08_13,09,01,08,13
04_03_07_19,04,03,07,19
06_01_04_13,06,01,04,13
07_02_03_18,07,02,03,18
04_01_08_04,04,01,08,04
09_01_05_03,09,01,05,03
07_02_03_01,07,02,03,01
09_01_04_03,09,01,04,03
11_01_03_18,11,01,03,18
08_01_03_14,08,01,03,14
05_02_08_14,05,02,08,14
12_02_01_02,12,02,01,02
04_02_01_18,04,02,01,18
08_03_05_09,08,03,05,09
04_02_06_02,04,02,06,02
06_02_05_07,06,02,05,07
12_03_07_03,12,03,07,03
06_02_01_13,06,02,01,13
09_01_06_03,09,01,06,03
07_02_04_07,07,02,04,07
05_03_06_11,05,03,06,11
06_03_02_04,06,03,02,04
11_02_06_12,11,02,06,12
02_01_08_12,02,01,08,12
06_03_02_18,06,03,02,18
02_02_03_17,02,02,03,17
12_01_08_14,12,01,08,14
02_01_04_08,02,01,04,08
12_01_04_02,12,01,04,02
12_01_02_12,12,01,02,12
02_03_02_16,02,03,02,16
04_03_02_07,04,03,02,07
08_01_02_04,08,01,02,04
06_03_04_18,06,03,04,18
05_02_07_09,05,02,07,09
04_03_06_08,04,03,06,08
11_03_03_08,11,03,03,08
05_01_03_06,05,01,03,06
05_03_07_16,05,03,07,16
06_02_01_08,06,02,01,08
10_01_01_11,10,01,01,11
04_02_01_19,04,02,01,19
05_02_06_12,05,02,06,12
09_02_06_08,09,02,06,08
05_01_07_07,05,01,07,07
04_02_01_04,04,02,01,04
09_03_04_11,09,03,04,11
02_03_05_09,02,03,05,09
03_01_05_08,03,01,05,08
01_02_06_18,01,02,06,18
08_02_06_09,08,02,06,09
06_01_06_16,06,01,06,16
12_03_05_13,12,03,05,13
04_01_07_16,04,01,07,16
08_02_02_08,08,02,02,08
07_02_07_02,07,02,07,02
08_01_01_11,08,01,01,11
11_02_05_12,11,02,05,12
09_02_05_06,09,02,05,06
09_01_01_08,09,01,01,08
09_03_01_08,09,03,01,08
12_02_03_19,12,02,03,19
10_01_07_04,10,01,07,04
08_02_03_04,08,02,03,04
09_02_04_07,09,02,04,07
10_01_05_01,10,01,05,01
01_01_08_08,01,01,08,08
01_02_04_09,01,02,04,09
10_01_04_16,10,01,04,16
12_02_05_19,12,02,05,19
11_01_03_19,11,01,03,19
02_01_06_18,02,01,06,18
02_02_03_06,02,02,03,06
05_01_05_06,05,01,05,06
02_02_07_19,02,02,07,19
11_02_05_16,11,02,05,16
03_03_08_16,03,03,08,16
10_01_05_14,10,01,05,14
09_01_04_14,09,01,04,14
09_01_01_04,09,01,01,04
07_03_04_16,07,03,04,16
06_02_01_03,06,02,01,03
05_01_04_18,05,01,04,18
10_02_03_02,10,02,03,02
12_01_02_13,12,01,02,13
04_02_07_01,04,02,07,01
07_03_03_18,07,03,03,18
11_02_07_12,11,02,07,12
02_02_04_07,02,02,04,07
02_02_04_14,02,02,04,14
03_02_02_06,03,02,02,06
07_01_06_11,07,01,06,11
10_01_01_07,10,01,01,07
03_02_08_13,03,02,08,13
05_01_02_06,05,01,02,06
03_01_01_12,03,01,01,12
07_02_01_02,07,02,01,02
02_02_07_07,02,02,07,07
04_02_07_04,04,02,07,04
01_01_05_02,01,01,05,02
03_03_01_12,03,03,01,12
07_02_06_14,07,02,06,14
11_01_05_03,11,01,05,03
12_01_07_17,12,01,07,17
08_03_05_11,08,03,05,11
01_01_07_12,01,01,07,12
05_01_07_02,05,01,07,02
08_01_08_01,08,01,08,01
03_01_01_06,03,01,01,06
03_01_07_08,03,01,07,08
06_02_04_12,06,02,04,12
05_02_07_17,05,02,07,17
12_03_07_19,12,03,07,19
03_02_01_18,03,02,01,18
08_01_07_08,08,01,07,08
09_02_01_07,09,02,01,07
10_02_04_09,10,02,04,09
03_03_08_06,03,03,08,06
11_03_05_07,11,03,05,07
02_01_06_06,02,01,06,06
07_03_02_19,07,03,02,19
11_02_06_14,11,02,06,14
11_02_03_14,11,02,03,14
09_02_03_02,09,02,03,02
08_03_03_19,08,03,03,19
09_02_01_18,09,02,01,18
06_02_07_02,06,02,07,02
01_03_06_04,01,03,06,04
01_01_06_18,01,01,06,18
12_02_02_03,12,02,02,03
11_02_01_07,11,02,01,07
02_02_03_04,02,02,03,04
02_03_02_04,02,03,02,04
04_03_01_14,04,03,01,14
09_03_04_08,09,03,04,08
05_02_04_06,05,02,04,06
09_01_05_02,09,01,05,02
02_01_01_06,02,01,01,06
02_01_04_01,02,01,04,01
02_01_06_07,02,01,06,07
06_01_05_16,06,01,05,16
06_03_02_12,06,03,02,12
01_03_01_02,01,03,01,02
12_03_04_03,12,03,04,03
02_02_05_12,02,02,05,12
08_02_01_01,08,02,01,01
07_01_04_12,07,01,04,12
11_01_05_19,11,01,05,19
04_02_07_19,04,02,07,19
01_02_06_12,01,02,06,12
12_02_06_18,12,02,06,18
05_03_02_11,05,03,02,11
06_03_05_13,06,03,05,13
04_02_02_17,04,02,02,17
02_01_03_18,02,01,03,18
02_03_07_04,02,03,07,04
04_02_05_16,04,02,05,16
04_01_01_02,04,01,01,02
10_02_02_07,10,02,02,07
06_02_05_09,06,02,05,09
08_02_05_02,08,02,05,02
12_01_01_01,12,01,01,01
09_01_08_19,09,01,08,19
12_03_01_19,12,03,01,19
07_02_07_17,07,02,07,17
03_03_03_02,03,03,03,02
02_02_03_13,02,02,03,13
07_02_01_11,07,02,01,11
04_02_02_07,04,02,02,07
12_03_02_09,12,03,02,09
12_01_01_02,12,01,01,02
03_02_05_01,03,02,05,01
03_02_02_16,03,02,02,16
04_03_01_19,04,03,01,19
04_01_02_17,04,01,02,17
07_01_04_16,07,01,04,16
09_02_05_08,09,02,05,08
04_03_02_08,04,03,02,08
03_03_05_18,03,03,05,18
05_02_08_16,05,02,08,16
08_02_05_13,08,02,05,13
01_02_03_03,01,02,03,03
07_01_04_01,07,01,04,01
03_01_04_09,03,01,04,09
12_02_05_18,12,02,05,18
04_01_04_19,04,01,04,19
04_02_02_18,04,02,02,18
02_01_03_06,02,01,03,06
04_02_03_01,04,02,03,01
11_01_06_03,11,01,06,03
12_03_02_02,12,03,02,02
07_02_06_06,07,02,06,06
06_03_06_02,06,03,06,02
07_03_02_13,07,03,02,13
10_01_05_03,10,01,05,03
12_02_06_07,12,02,06,07
02_02_03_11,02,02,03,11
01_03_03_16,01,03,03,16
01_02_04_02,01,02,04,02
03_01_01_14,03,01,01,14
12_02_06_12,12,02,06,12
09_03_04_04,09,03,04,04
03_03_06_16,03,03,06,16
08_02_07_18,08,02,07,18
04_01_04_06,04,01,04,06
10_02_05_08,10,02,05,08
10_02_07_06,10,02,07,06
09_01_05_07,09,01,05,07
01_01_02_18,01,01,02,18
09_03_06_18,09,03,06,18
02_01_05_08,02,01,05,08
01_01_07_14,01,01,07,14
03_02_08_02,03,02,08,02
10_02_08_14,10,02,08,14
03_02_02_01,03,02,02,01
04_01_06_09,04,01,06,09
06_01_08_01,06,01,08,01
02_02_07_18,02,02,07,18
07_03_01_14,07,03,01,14
12_02_03_06,12,02,03,06
01_03_08_08,01,03,08,08
02_03_03_03,02,03,03,03
05_02_03_17,05,02,03,17
03_02_02_04,03,02,02,04
06_02_08_01,06,02,08,01
09_03_06_19,09,03,06,19
12_03_01_07,12,03,01,07
02_03_01_03,02,03,01,03
12_02_01_11,12,02,01,11
02_03_06_17,02,03,06,17
07_02_02_18,07,02,02,18
01_03_01_11,01,03,01,11
11_02_07_14,11,02,07,14
07_03_06_14,07,03,06,14
10_02_03_07,10,02,03,07
01_01_04_07,01,01,04,07
02_01_03_02,02,01,03,02
09_01_05_01,09,01,05,01
04_02_01_07,04,02,01,07
09_01_03_01,09,01,03,01
01_01_03_01,01,01,03,01
03_03_08_14,03,03,08,14
06_03_05_18,06,03,05,18
02_01_08_08,02,01,08,08
07_01_08_11,07,01,08,11
01_03_02_19,01,03,02,19
06_02_07_19,06,02,07,19
07_01_04_14,07,01,04,14
11_03_05_12,11,03,05,12
04_02_07_16,04,02,07,16
02_03_07_11,02,03,07,11
01_01_06_02,01,01,06,02
09_02_05_01,09,02,05,01
06_02_05_17,06,02,05,17
07_01_08_07,07,01,08,07
07_02_05_08,07,02,05,08
01_03_07_14,01,03,07,14
02_03_04_07,02,03,04,07
06_02_01_19,06,02,01,19
01_03_05_06,01,03,05,06
10_01_03_13,10,01,03,13
03_02_07_08,03,02,07,08
11_01_08_03,11,01,08,03
01_02_04_18,01,02,04,18
04_02_07_17,04,02,07,17
09_01_08_17,09,01,08,17
05_02_06_11,05,02,06,11
12_03_07_07,12,03,07,07
09_03_05_11,09,03,05,11
08_01_06_11,08,01,06,11
04_01_01_17,04,01,01,17
02_02_05_01,02,02,05,01
02_01_01_11,02,01,01,11
06_02_06_18,06,02,06,18
05_02_07_04,05,02,07,04
10_02_06_09,10,02,06,09
11_02_01_11,11,02,01,11
12_03_08_02,12,03,08,02
03_01_02_06,03,01,02,06
10_02_07_12,10,02,07,12
06_02_08_17,06,02,08,17
01_03_01_08,01,03,01,08
08_01_06_13,08,01,06,13
02_02_01_17,02,02,01,17
11_01_06_01,11,01,06,01
12_01_04_08,12,01,04,08
06_02_07_04,06,02,07,04
03_03_07_12,03,03,07,12
04_02_04_19,04,02,04,19
05_03_05_06,05,03,05,06
05_01_08_06,05,01,08,06
02_01_08_19,02,01,08,19
06_01_02_09,06,01,02,09
05_02_02_13,05,02,02,13
10_01_07_09,10,01,07,09
01_03_04_18,01,03,04,18
02_01_04_19,02,01,04,19
12_02_04_12,12,02,04,12
09_03_01_17,09,03,01,17
11_02_02_17,11,02,02,17
11_03_03_13,11,03,03,13
11_02_03_18,11,02,03,18
06_03_03_06,06,03,03,06
11_01_06_18,11,01,06,18
12_01_03_01,12,01,03,01
04_03_07_12,04,03,07,12
08_01_01_14,08,01,01,14
01_02_06_11,01,02,06,11
01_01_05_19,01,01,05,19
01_03_06_03,01,03,06,03
04_03_04_14,04,03,04,14
10_02_06_17,10,02,06,17
10_03_06_02,10,03,06,02
06_02_06_06,06,02,06,06
07_03_07_18,07,03,07,18
01_02_02_12,01,02,02,12
08_01_01_07,08,01,01,07
08_02_01_18,08,02,01,18
07_02_08_19,07,02,08,19
05_02_06_13,05,02,06,13
06_03_06_11,06,03,06,11
03_03_03_07,03,03,03,07
08_02_01_03,08,02,01,03
02_02_01_13,02,02,01,13
01_03_01_09,01,03,01,09
09_03_01_09,09,03,01,09
01_03_02_12,01,03,02,12
02_01_08_11,02,01,08,11
12_02_06_06,12,02,06,06
06_02_05_02,06,02,05,02
03_03_04_17,03,03,04,17
12_01_02_07,12,01,02,07
03_02_02_13,03,02,02,13
08_01_01_01,08,01,01,01
08_01_05_01,08,01,05,01
03_03_01_04,03,03,01,04
08_02_07_12,08,02,07,12
01_02_06_09,01,02,06,09
08_03_03_16,08,03,03,16
03_01_04_03,03,01,04,03
12_02_04_01,12,02,04,01
05_01_07_14,05,01,07,14
01_03_06_13,01,03,06,13
05_01_04_12,05,01,04,12
02_02_08_09,02,02,08,09
01_03_05_16,01,03,05,16
04_03_08_18,04,03,08,18
05_02_03_04,05,02,03,04
06_01_07_04,06,01,07,04
06_01_08_07,06,01,08,07
07_01_07_01,07,01,07,01
06_02_07_06,06,02,07,06
10_02_08_08,10,02,08,08
06_02_03_04,06,02,03,04
03_02_03_13,03,02,03,13
06_03_05_11,06,03,05,11
05_02_06_08,05,02,06,08
11_03_06_16,11,03,06,16
10_01_01_19,10,01,01,19
10_02_04_16,10,02,04,16
12_03_01_03,12,03,01,03
11_03_01_12,11,03,01,12
02_01_02_16,02,01,02,16
05_02_01_03,05,02,01,03
10_02_03_13,10,02,03,13
01_01_07_19,01,01,07,19
06_01_02_12,06,01,02,12
02_03_08_06,02,03,08,06
01_03_04_11,01,03,04,11
03_01_01_11,03,01,01,11
03_03_04_03,03,03,04,03
06_02_02_06,06,02,02,06
01_02_02_07,01,02,02,07
12_02_07_08,12,02,07,08
03_01_04_17,03,01,04,17
05_03_04_07,05,03,04,07
05_02_01_18,05,02,01,18
06_01_01_04,06,01,01,04
09_03_02_01,09,03,02,01
02_02_07_16,02,02,07,16
08_01_01_19,08,01,01,19
07_03_06_19,07,03,06,19
03_01_01_02,03,01,01,02
07_01_04_04,07,01,04,04
03_02_01_14,03,02,01,14
12_01_01_17,12,01,01,17
02_01_03_12,02,01,03,12
05_01_04_02,05,01,04,02
07_02_06_18,07,02,06,18
09_02_04_08,09,02,04,08
04_02_08_13,04,02,08,13
10_01_05_17,10,01,05,17
10_03_05_03,10,03,05,03
06_02_04_11,06,02,04,11
08_02_01_02,08,02,01,02
05_02_08_03,05,02,08,03
08_02_03_01,08,02,03,01
04_03_08_14,04,03,08,14
07_03_03_11,07,03,03,11
12_02_07_03,12,02,07,03
07_01_07_11,07,01,07,11
01_01_03_04,01,01,03,04
11_01_02_13,11,01,02,13
05_02_05_13,05,02,05,13
07_03_03_14,07,03,03,14
04_01_03_18,04,01,03,18
01_01_02_16,01,01,02,16
05_01_04_08,05,01,04,08
07_01_04_08,07,01,04,08
04_02_06_13,04,02,06,13
06_02_08_11,06,02,08,11
07_02_04_11,07,02,04,11
11_01_01_19,11,01,01,19
09_03_08_14,09,03,08,14
12_02_03_17,12,02,03,17
09_03_01_19,09,03,01,19
07_01_02_18,07,01,02,18
03_01_03_06,03,01,03,06
01_03_01_17,01,03,01,17
06_02_06_13,06,02,06,13
10_03_06_17,10,03,06,17
03_02_02_19,03,02,02,19
05_02_08_01,05,02,08,01
07_01_08_04,07,01,08,04
11_03_06_04,11,03,06,04
03_02_04_02,03,02,04,02
08_01_06_14,08,01,06,14
04_02_08_17,04,02,08,17
09_02_03_03,09,02,03,03
04_03_05_18,04,03,05,18
04_02_05_02,04,02,05,02
07_01_01_09,07,01,01,09
08_01_06_19,08,01,06,19
08_02_08_12,08,02,08,12
01_03_02_07,01,03,02,07
06_03_03_01,06,03,03,01
10_02_02_03,10,02,02,03
05_02_08_04,05,02,08,04
11_02_01_13,11,02,01,13
11_02_02_13,11,02,02,13
02_02_02_06,02,02,02,06
08_01_07_11,08,01,07,11
11_03_02_12,11,03,02,12
07_01_07_02,07,01,07,02
06_01_02_06,06,01,02,06
08_02_05_11,08,02,05,11
08_01_06_02,08,01,06,02
09_02_02_17,09,02,02,17
03_02_05_09,03,02,05,09
05_03_01_19,05,03,01,19
01_03_08_17,01,03,08,17
03_03_03_06,03,03,03,06
05_03_02_12,05,03,02,12
09_01_01_14,09,01,01,14
10_02_01_06,10,02,01,06
11_02_04_01,11,02,04,01
11_01_04_13,11,01,04,13
03_02_04_19,03,02,04,19
07_02_03_17,07,02,03,17
07_02_01_04,07,02,01,04
07_03_01_12,07,03,01,12
10_01_07_19,10,01,07,19
05_01_06_19,05,01,06,19
04_03_07_08,04,03,07,08
06_02_01_18,06,02,01,18
12_01_03_11,12,01,03,11
04_03_07_04,04,03,07,04
06_02_08_12,06,02,08,12
05_03_02_19,05,03,02,19
10_02_01_17,10,02,01,17
01_01_04_16,01,01,04,16
11_03_05_17,11,03,05,17
01_02_05_14,01,02,05,14
10_01_03_01,10,01,03,01
01_01_06_14,01,01,06,14
11_03_01_03,11,03,01,03
10_01_05_16,10,01,05,16
08_01_07_09,08,01,07,09
11_01_02_12,11,01,02,12
05_02_06_04,05,02,06,04
04_01_07_06,04,01,07,06
11_03_01_04,11,03,01,04
08_02_06_01,08,02,06,01
02_01_05_11,02,01,05,11
03_02_03_06,03,02,03,06
05_03_04_17,05,03,04,17
06_02_08_03,06,02,08,03
09_03_02_08,09,03,02,08
02_03_05_01,02,03,05,01
04_03_06_13,04,03,06,13
04_01_05_09,04,01,05,09
03_03_01_14,03,03,01,14
01_02_01_08,01,02,01,08
10_03_02_11,10,03,02,11
10_01_02_13,10,01,02,13
12_02_02_19,12,02,02,19
10_02_07_09,10,02,07,09
04_01_05_01,04,01,05,01
04_03_02_03,04,03,02,03
06_01_06_07,06,01,06,07
10_02_08_01,10,02,08,01
07_01_07_06,07,01,07,06
04_02_04_02,04,02,04,02
07_01_02_17,07,01,02,17
07_03_05_18,07,03,05,18
08_02_06_11,08,02,06,11
06_01_06_08,06,01,06,08
07_02_01_14,07,02,01,14
10_02_01_13,10,02,01,13
09_01_02_13,09,01,02,13
04_02_01_02,04,02,01,02
12_03_04_02,12,03,04,02
04_02_08_11,04,02,08,11
12_02_04_16,12,02,04,16
03_01_02_12,03,01,02,12
01_02_07_08,01,02,07,08
04_02_02_09,04,02,02,09
02_02_03_07,02,02,03,07
03_02_08_18,03,02,08,18
03_01_08_18,03,01,08,18
04_02_07_03,04,02,07,03
03_01_08_02,03,01,08,02
07_03_02_07,07,03,02,07
07_01_02_03,07,01,02,03
12_01_04_17,12,01,04,17
08_03_06_19,08,03,06,19
09_01_05_04,09,01,05,04
12_01_02_14,12,01,02,14
06_03_06_19,06,03,06,19
05_01_08_12,05,01,08,12
09_02_06_03,09,02,06,03
02_02_07_11,02,02,07,11
07_03_04_19,07,03,04,19
08_01_04_18,08,01,04,18
05_01_06_12,05,01,06,12
01_03_06_06,01,03,06,06
10_01_02_08,10,01,02,08
06_02_01_01,06,02,01,01
05_02_02_09,05,02,02,09
01_01_03_14,01,01,03,14
06_02_05_01,06,02,05,01
04_03_08_09,04,03,08,09
09_02_03_16,09,02,03,16
03_02_01_01,03,02,01,01
11_03_06_18,11,03,06,18
02_01_05_02,02,01,05,02
12_02_02_13,12,02,02,13
02_01_01_02,02,01,01,02
02_03_03_11,02,03,03,11
07_02_04_14,07,02,04,14
10_01_02_04,10,01,02,04
10_02_07_11,10,02,07,11
12_01_01_03,12,01,01,03
11_03_08_03,11,03,08,03
01_01_02_07,01,01,02,07
11_02_03_09,11,02,03,09
11_03_04_02,11,03,04,02
04_03_04_03,04,03,04,03
07_03_04_04,07,03,04,04
02_02_05_03,02,02,05,03
03_03_01_06,03,03,01,06
02_02_03_01,02,02,03,01
11_02_02_07,11,02,02,07
11_02_07_04,11,02,07,04
04_03_08_11,04,03,08,11
12_01_07_12,12,01,07,12
02_03_07_02,02,03,07,02
08_02_06_18,08,02,06,18
08_01_08_06,08,01,08,06
11_03_03_03,11,03,03,03
01_02_01_12,01,02,01,12
04_01_08_06,04,01,08,06
02_01_04_11,02,01,04,11
06_02_01_14,06,02,01,14
09_03_06_08,09,03,06,08
09_03_05_14,09,03,05,14
10_01_05_13,10,01,05,13
02_01_03_08,02,01,03,08
02_03_03_06,02,03,03,06
03_01_02_09,03,01,02,09
04_02_03_16,04,02,03,16
05_01_02_18,05,01,02,18
03_01_07_01,03,01,07,01
04_02_05_08,04,02,05,08
03_03_02_07,03,03,02,07
08_01_08_12,08,01,08,12
12_02_07_04,12,02,07,04
05_03_04_19,05,03,04,19
11_01_02_06,11,01,02,06
02_03_08_14,02,03,08,14
09_01_08_11,09,01,08,11
09_02_06_12,09,02,06,12
07_03_03_03,07,03,03,03
09_03_05_12,09,03,05,12
01_02_04_17,01,02,04,17
04_03_07_17,04,03,07,17
06_02_04_01,06,02,04,01
02_01_06_14,02,01,06,14
04_03_05_12,04,03,05,12
02_01_06_02,02,01,06,02
10_02_01_19,10,02,01,19
12_01_08_16,12,01,08,16
01_01_04_19,01,01,04,19
07_03_05_03,07,03,05,03
01_02_02_08,01,02,02,08
04_01_03_06,04,01,03,06
01_02_05_18,01,02,05,18
02_03_02_01,02,03,02,01
02_02_02_13,02,02,02,13
11_03_03_01,11,03,03,01
06_01_07_17,06,01,07,17
09_01_07_02,09,01,07,02
05_03_05_16,05,03,05,16
07_02_04_04,07,02,04,04
11_01_05_17,11,01,05,17
08_02_05_17,08,02,05,17
05_01_04_13,05,01,04,13
10_01_06_04,10,01,06,04
06_01_04_17,06,01,04,17
09_02_04_14,09,02,04,14
05_02_05_12,05,02,05,12
03_03_08_19,03,03,08,19
12_01_06_03,12,01,06,03
09_01_08_03,09,01,08,03
03_02_07_06,03,02,07,06
04_03_04_12,04,03,04,12
09_01_07_14,09,01,07,14
08_02_02_09,08,02,02,09
08_01_06_08,08,01,06,08
06_01_03_02,06,01,03,02
12_01_08_02,12,01,08,02
06_02_08_09,06,02,08,09
01_01_08_04,01,01,08,04
07_01_04_07,07,01,04,07
03_03_07_03,03,03,07,03
01_02_08_06,01,02,08,06
11_01_04_11,11,01,04,11
06_01_07_13,06,01,07,13
06_01_02_03,06,01,02,03
08_01_04_02,08,01,04,02
07_02_02_01,07,02,02,01
09_01_06_06,09,01,06,06
01_03_04_09,01,03,04,09
04_02_07_07,04,02,07,07
12_01_02_09,12,01,02,09
01_01_02_11,01,01,02,11
05_02_04_13,05,02,04,13
12_02_06_13,12,02,06,13
05_02_02_07,05,02,02,07
03_03_01_03,03,03,01,03
11_03_06_11,11,03,06,11
07_03_02_06,07,03,02,06
03_02_01_04,03,02,01,04
05_02_07_01,05,02,07,01
10_01_01_17,10,01,01,17
06_01_04_19,06,01,04,19
11_01_07_07,11,01,07,07
01_02_05_12,01,02,05,12
07_03_05_19,07,03,05,19
02_02_06_18,02,02,06,18
08_01_05_19,08,01,05,19
02_01_01_08,02,01,01,08
06_02_03_08,06,02,03,08
02_03_07_12,02,03,07,12
02_01_08_02,02,01,08,02
11_01_02_08,11,01,02,08
04_03_04_07,04,03,04,07
12_03_04_17,12,03,04,17
04_01_08_07,04,01,08,07
05_03_02_06,05,03,02,06
11_02_04_16,11,02,04,16
04_02_05_06,04,02,05,06
04_03_07_13,04,03,07,13
05_02_07_18,05,02,07,18
05_01_07_16,05,01,07,16
05_01_04_06,05,01,04,06
04_01_04_18,04,01,04,18
09_01_06_01,09,01,06,01
04_03_04_16,04,03,04,16
11_02_08_09,11,02,08,09
09_01_01_18,09,01,01,18
04_02_06_12,04,02,06,12
10_02_06_04,10,02,06,04
02_02_01_07,02,02,01,07
09_03_03_03,09,03,03,03
11_01_01_08,11,01,01,08
02_02_04_09,02,02,04,09
12_01_03_07,12,01,03,07
05_01_07_01,05,01,07,01
03_03_05_17,03,03,05,17
07_01_04_13,07,01,04,13
01_03_07_18,01,03,07,18
12_02_06_16,12,02,06,16
01_03_06_02,01,03,06,02
07_01_04_02,07,01,04,02
08_01_04_13,08,01,04,13
10_02_07_01,10,02,07,01
09_02_06_04,09,02,06,04
09_01_06_02,09,01,06,02
10_02_05_18,10,02,05,18
02_02_03_18,02,02,03,18
03_01_01_04,03,01,01,04
09_01_06_16,09,01,06,16
06_01_03_17,06,01,03,17
01_01_03_02,01,01,03,02
04_03_03_11,04,03,03,11
12_02_05_09,12,02,05,09
07_01_06_01,07,01,06,01
08_01_01_02,08,01,01,02
12_03_04_07,12,03,04,07
09_03_04_06,09,03,04,06
06_01_04_11,06,01,04,11
02_03_05_08,02,03,05,08
01_03_05_08,01,03,05,08
11_02_05_04,11,02,05,04
04_02_03_19,04,02,03,19
09_03_01_14,09,03,01,14
05_02_07_03,05,02,07,03
08_01_07_13,08,01,07,13
12_02_05_14,12,02,05,14
08_01_07_02,08,01,07,02
05_01_06_07,05,01,06,07
08_02_04_06,08,02,04,06
08_02_04_01,08,02,04,01
02_01_02_18,02,01,02,18
02_03_03_17,02,03,03,17
11_01_03_07,11,01,03,07
12_03_03_02,12,03,03,02
07_01_03_18,07,01,03,18
12_03_02_16,12,03,02,16
02_01_03_19,02,01,03,19
04_02_04_18,04,02,04,18
02_03_03_07,02,03,03,07
02_01_06_19,02,01,06,19
01_03_07_17,01,03,07,17
04_03_05_13,04,03,05,13
09_02_04_18,09,02,04,18
09_01_08_04,09,01,08,04
05_03_05_19,05,03,05,19
04_02_05_11,04,02,05,11
07_01_08_14,07,01,08,14
01_02_04_01,01,02,04,01
11_02_06_09,11,02,06,09
10_02_07_18,10,02,07,18
11_02_02_18,11,02,02,18
07_01_05_07,07,01,05,07
01_03_08_04,01,03,08,04
11_01_05_06,11,01,05,06
10_03_02_14,10,03,02,14
01_03_08_13,01,03,08,13
04_01_07_03,04,01,07,03
01_03_05_18,01,03,05,18
05_02_03_07,05,02,03,07
10_01_07_02,10,01,07,02
06_01_07_19,06,01,07,19
03_03_05_19,03,03,05,19
06_02_05_13,06,02,05,13
02_01_02_09,02,01,02,09
08_02_06_06,08,02,06,06
12_02_02_04,12,02,02,04
01_03_03_11,01,03,03,11
07_03_08_08,07,03,08,08
11_01_04_01,11,01,04,01
05_02_08_19,05,02,08,19
11_01_01_03,11,01,01,03
11_02_04_09,11,02,04,09
09_03_01_16,09,03,01,16
10_02_06_06,10,02,06,06
05_01_03_11,05,01,03,11
03_02_06_01,03,02,06,01
01_01_08_19,01,01,08,19
09_01_08_06,09,01,08,06
07_01_06_04,07,01,06,04
12_01_07_02,12,01,07,02
11_02_06_11,11,02,06,11
06_01_03_19,06,01,03,19
02_03_05_02,02,03,05,02
07_01_06_14,07,01,06,14
08_02_08_14,08,02,08,14
03_03_06_18,03,03,06,18
11_03_07_16,11,03,07,16
05_03_05_01,05,03,05,01
06_03_02_08,06,03,02,08
03_01_04_14,03,01,04,14
10_01_06_17,10,01,06,17
04_01_03_01,04,01,03,01
06_03_02_06,06,03,02,06
10_01_03_02,10,01,03,02
01_02_04_04,01,02,04,04
05_02_06_18,05,02,06,18
12_01_06_07,12,01,06,07
12_02_05_04,12,02,05,04
01_02_08_08,01,02,08,08
02_01_03_17,02,01,03,17
03_03_06_12,03,03,06,12
03_03_03_13,03,03,03,13
10_01_02_14,10,01,02,14
08_03_03_18,08,03,03,18
09_01_05_06,09,01,05,06
07_02_05_11,07,02,05,11
04_02_07_09,04,02,07,09
08_01_02_09,08,01,02,09
10_01_01_08,10,01,01,08
02_01_06_09,02,01,06,09
06_01_07_18,06,01,07,18
02_02_03_14,02,02,03,14
04_01_05_12,04,01,05,12
09_01_06_17,09,01,06,17
12_01_03_18,12,01,03,18
05_01_05_02,05,01,05,02
11_01_06_07,11,01,06,07
04_03_06_09,04,03,06,09
08_02_04_17,08,02,04,17
11_02_05_14,11,02,05,14
01_01_08_09,01,01,08,09
08_01_03_18,08,01,03,18
11_03_08_08,11,03,08,08
04_02_02_12,04,02,02,12
02_03_01_14,02,03,01,14
11_03_04_03,11,03,04,03
06_03_03_03,06,03,03,03
06_02_02_12,06,02,02,12
06_02_04_03,06,02,04,03
09_01_07_12,09,01,07,12
05_03_07_11,05,03,07,11
12_02_07_02,12,02,07,02
12_03_02_11,12,03,02,11
02_03_05_14,02,03,05,14
08_01_07_14,08,01,07,14
02_01_03_16,02,01,03,16
12_01_08_18,12,01,08,18
07_01_02_02,07,01,02,02
04_02_06_01,04,02,06,01
07_01_01_08,07,01,01,08
09_02_07_07,09,02,07,07
12_02_01_19,12,02,01,19
11_01_02_07,11,01,02,07
02_01_08_16,02,01,08,16
12_01_01_06,12,01,01,06
07_01_02_19,07,01,02,19
06_01_04_06,06,01,04,06
06_03_02_07,06,03,02,07
08_02_06_16,08,02,06,16
